baitName	baitID	ENSEMBL_GENEID	baitChr	baitStart	baitEnd	MacMon	MK	nCD4	Ery	Neu
ABCA10	294576	ENSG00000154263	17	67240575	67245534	0.194644430563174	0.12719423397873	0.817579013863057	0.125814566390504	0.705635692618945
ABCA5	294576	ENSG00000154265	17	67240575	67245534	3.67132742628585	5.73791960916359	13.4499614807927	3.68882820739606	10.5642983669104
ABCB10	58705	ENSG00000135776	1	229692817	229697283	10.7836814589107	7.94095364026601	5.47855424453429	63.5269260717778	0.952094303506566
ABI1	72175	ENSG00000136754	10	27148168	27151789	46.5789118974171	53.4480439298573	26.1344663286776	15.5534713032643	90.8342077564748
AC003986.7	667081		7	19154064	19160186					
AC006159.4	694986		7	116210079	116213191					
AC007242.1	391864		2	202703438	202707658					
AC012594.1	381876		2	171206926	171209245					
AC018755.1	330583		19	52089926	52098767					
AC018755.16	330583		19	52089926	52098767					
AC026956.1	253171		15	82335167	82338934					
AC078883.3	382540		2	173322334	173335974					
AC078883.4	382523		2	173282693	173294593					
AC079080.1	553577		4	185188446	185189692					
AC092965.1	487024		3	166739867	166750900					
AC093388.3	388276		2	191394777	191401014					
AC093415.2	448456		3	37889807	37904998					
AC096664.3	350835		2	63919848	63925484					
AC097467.2	544352		4	156273862	156277968					
AC098617.1	388741		2	192705523	192718847					
AC104012.1	728184		8	72743513	72744958					
AC105053.4	357421		2	86115619	86116415					
AC105247.1	302835		18	20711775	20717383					
AC107021.1	480240		3	145779886	145782471					
AC107993.1	287675		17	40543687	40554702					
AC116533.1	107092		11	17091057	17100015					
ACTA2-AS1	89664	ENSG00000180139	10	90691239	90696399	0.0752814863111779	0.0347566870360241	3.91654051380542	0.0799933997088407	0.614274003386839
ACTRT2	487	ENSG00000169717	1	2927637	2944794	3.22493745181988e-07	3.75813325042314e-07	3.74375134864461e-07	4.43514058222513e-05	5.77597174641478e-06
ADORA2A	430980	ENSG00000128271	22	24813221	24822908	0.838622422326317	8.97644006002643	5.20770881456925	0.834113619615636	29.1551944717483
ADPGK	250787	ENSG00000159322	15	73072205	73077870	75.8372901784512	15.3416810176188	28.4616834445699	16.0763435809353	99.6658504199628
ADPGK-AS1	250787	ENSG00000260898	15	73072205	73077870	2.67720221275199	0.0215732039391812	0.20417370898513	0.144577996143563	3.71612630250902
AHDC1	6008	ENSG00000126705	1	27928426	27931673	0.505744325531438	2.16901476811147	0.749682846786808	1.25515848646777	0.700598282730489
AHNAK	120801	ENSG00000124942	11	62320337	62328425	165.461762617871	0.522137686071389	43.4172788545268	22.9265092140282	0.992184651956323
AL357060.1	651973		6	138036420	138043943					
AL583828.1	614457		6	13485704	13486770					
ALDH1B1	762364	ENSG00000137124	9	38392152	38397677	1.60818108029303	2.12724781912955	0.766328723889921	4.63971920688116	1.18480372898624e-05
AMD1	643335	ENSG00000123505	6	111192838	111197279	49.6970000932219	48.7923419784575	35.7313602715247	31.2203101273261	118.027637035613
ANKIB1	687868	ENSG00000001629	7	91872667	91876695	11.8907223295677	9.35237237011263	32.5841994738647	8.05955906663008	18.3804459723916
ANKRD6	636679	ENSG00000135299	6	90142099	90143671	3.78025749068015	1.92867140345475	1.36861973894815	0.372574168337497	6.11803054144552
ANXA3	519412	ENSG00000138772	4	79460737	79472750	0.0701391657074483	11.8235508108472	0.0321100485838435	0.588155064125244	167.733662748328
ANXA4	352691	ENSG00000196975	2	69946072	69950526	37.4097452122101	4.94534488687182	0.87299393184584	4.39762159703747	5.11661723033279
APBA2	238046	ENSG00000034053	15	29213517	29214080	0.038381124697494	10.9345048716229	32.6046117197026	1.10305582245267	0.0631664994227949
APOBEC4	45026	ENSG00000173627	1	183617847	183623243	0.000114367673221828	7.60829301711902e-05	0.000790939753690234	7.66990564607897e-05	0.000593106307084066
ARHGAP21	71549	ENSG00000107863	10	25005288	25014938	9.76385545706495	138.213101410707	7.83858820428129	17.4505095474431	1.00307466919436
ARTN	9896	ENSG00000117407	1	44395544	44403674	0.0258848297247327	0.103920236989172	0.0381898690049681	0.0721411147271019	0.0678412083085053
ASAP2	334616	ENSG00000151693	2	9345230	9348145	1.14998716574897	25.3879175508177	0.0392992091846316	0.632034592508518	0.0338700529801084
ASB8	156164	ENSG00000177981	12	48573383	48575169	10.5173788280062	16.8469568908813	14.3514357887003	10.1634083015742	40.7157889481654
ASH1L	36637	ENSG00000116539	1	155313410	155317418	8.3867345526975	12.6330960451812	25.3748554847168	15.4838701816546	55.7853709885654
ASPH	724955	ENSG00000198363	8	62623674	62630513	45.6886345934076	20.9606465789043	8.36816807162555	13.6692508759948	105.142885332329
ATAD2B	338954	ENSG00000119778	2	24148001	24150488	11.1462661901241	16.4179192227816	15.6250436959938	15.5849989936663	31.7309674411154
ATG16L2	122850	ENSG00000168010	11	72524067	72526418	19.3430876166203	9.07149162137714	17.8256778238739	6.25586140239298	1042.01505079633
ATOH8	357396	ENSG00000168874	2	85971407	85980369	0.0516569524982029	0.0030449728540297	0.00296553964558272	0.0168201761582286	0.547581691959864
ATP6V0A1	287684	ENSG00000033627	17	40608759	40616986	30.2811583389025	66.2478740058622	2.52957800443716	32.0708926790643	65.5088961213753
AUH	772928	ENSG00000148090	9	94122554	94124910	6.60412210492862	4.27419896065683	10.9816834298036	7.62768085810147	10.5506942806727
AVPR1A	160282	ENSG00000166148	12	63541941	63545188	0.000924490621825595	5.82254066699065	0.000392509425177971	0.135452649305961	0.000321099420302229
B3GNT2	350382	ENSG00000170340	2	62420926	62431743	34.6078935457829	51.4271738664828	8.56191381910392	18.7575033052763	29.3480874508699
BBX	468522	ENSG00000114439	3	107240736	107246671	8.62034516777337	17.2807536058372	30.3106001770542	11.6742883731576	28.801662032045
BCAT1	149082	ENSG00000060982	12	25101330	25103787	19.9785063951363	86.0010960156687	0.171415386408248	38.4896297800573	1.23677824532145
BMP6	612730	ENSG00000153162	6	7726057	7729965	0.0392905865061024	1.55299766487056	0.0104090515726733	0.624470523087378	4.56747102881083
BMPER	671674	ENSG00000164619	7	33941757	33947758	0.011759599078977	0.0229178325048312	0.0531050231203711	0.0101584322854451	0.0328158837754236
BRCA2	184763	ENSG00000139618	13	32889224	32896768	1.43631227032351	4.61425322690893	0.782667628458478	8.92765576982684	1.62599456140614
BTN1A1	618397	ENSG00000124557	6	26497837	26503134	9.89194488032854e-07	0.00526491667643627	5.8451697891745e-07	2.90965440691013e-05	0.0142800793948875
C11orf49	116364	ENSG00000149179	11	46954157	46962607	4.66909254825407	6.81723097405214	3.91021551796413	4.80870996041894	0.544505602212226
C15orf39	251414	ENSG00000167173	15	75486963	75493861	3.17909166301564	18.8671699857265	1.56166274710671	8.8574494317128	197.161481285522
C1R	143596	ENSG00000159403	12	7242357	7254410	0.210747688266726	0.651726276759399	0.931268545051083	0.0991847356178456	6.03919637178478
C1orf216	7840	ENSG00000142686	1	36183603	36185603	3.49962412889256	7.12393356981563	0.859577054467012	3.24384335879289	0.18766176704976
C20orf62	414318	ENSG00000168746	20	43091375	43094311	0.000422376138312469	0.0011782323649119	0.00067612843467967	0.000146915766658372	0.00163352892555572
C2CD2L	137035	ENSG00000172375	11	118962934	118972931	8.47191684693683	10.3485185466163	4.98410446910908	3.96538856351074	9.53016152233912
C3orf72	477941	ENSG00000206262	3	138663575	138667892	0.000387269657603954	0.015398990975312	0.000941781269966381	0.000212836530073235	0.00109379742391975
CABLES1	302835	ENSG00000134508	18	20711775	20717383	0.664430913777554	5.81146897116073	0.066126711401012	4.37046254327204	0.0573235326308466
CACYBP	42451	ENSG00000116161	1	174965882	174969671	34.9874162061154	57.6215544674465	20.3549930835191	48.0320669181137	12.8779239476273
CADM3	37614	ENSG00000162706	1	159135977	159142424	0.0015623419743171	0.00874144335410188	0.00126614458219195	0.10825224737432	0.00555267504915244
CAV1	694974	ENSG00000105974	7	116164207	116169246	0.0370331809945337	1.38869488424787	0.165805627503867	0.208907720892039	0.0232331090120884
CCAR2	713823	ENSG00000158941	8	22472817	22479812	29.1577158071312	24.8764118827772	38.885784318953	23.4317947160345	25.2210461137963
CCDC148-AS1	377951	ENSG00000227480	2	159022782	159028219	6.83417511532159e-07	5.50646225606e-07	7.96315790662306e-07	4.65056863680181e-07	2.35934072056033e-06
CCDC42	280485	ENSG00000161973	17	8645439	8656702	0.00158054871099299	0.00183122532542658	0.0197845785109219	0.000489010717597952	0.00331707738062726
CD274	752198	ENSG00000120217	9	5450404	5453647	4.59369180421211	15.913853839894	1.35680238268761	1.73059857997085	18.4996737153896
CDK15	391849	ENSG00000138395	2	202650409	202660431	0.008238695944116	0.0616530059163735	0.00950600801310964	1.09194045631136	0.033276920818525
CDK19	643324	ENSG00000155111	6	111134319	111139402	8.27827924824301	16.3041015860869	3.20132325706053	6.25589268177819	59.7380283986974
CENPP	773147	ENSG00000188312	9	95083960	95094668	0.561040000725156	1.91112238808362	0.614865462458113	2.72749566306996	0.0764306725056245
CEP128	228971	ENSG00000100629	14	81423733	81432405	1.73691718635367	4.73197836419904	3.45902321760238	7.32229533114223	1.92776573225099
CHRD	492412	ENSG00000090539	3	184089813	184100052	0.143330052940928	0.0218635015989707	0.027116679578199	0.0362110430025469	0.118594632817269
COL11A1	28262	ENSG00000060718	1	103573294	103579205	0.00972331949680966	0.0878966758165514	0.00991666347172313	0.00736117176765758	0.0365654603367846
CRB2	782163	ENSG00000148204	9	126112586	126119752	0.0157291524311139	0.00876726868563175	0.000431294240662102	0.187226502579398	0.00502613465802584
CSMD3	741283	ENSG00000164796	8	114447478	114453831	0.00504711360558528	0.00646684693045372	0.00542746824039274	0.00380594427583643	0.023940525715948
CTC-321K16.1	597149		5	134891687	134897812					
CTC-432M15.3	596188	ENSG00000273217	5	131132045	131146387					
CTC-558O19.1	584343		5	94311836	94319024					
CTD-2284J15.1	732783		8	87346737	87357461					
CTD-2384B11.2	578531		5	76010304	76013194					
CTDSPL	448456	ENSG00000144677	3	37889807	37904998	4.54999319633226	74.2892834053474	0.387591188451252	4.86457254587679	0.702783245763348
CTHRC1	738050	ENSG00000164932	8	104380396	104385385	0.00700577139539096	0.1187118727193	0.0139679985619533	0.0315875838622851	0.00935008577225808
CTTNBP2	695427	ENSG00000077063	7	117511042	117514738	0.0803139204184076	34.7956846184388	0.022508972807177	4.45293686718989	0.0762344978696684
CXCL2	517915	ENSG00000081041	4	74964374	74967508	4.0580309834978	115.548848798819	0.0105895749421437	6.37955820853957	2.72244774160248
CYR61	22565	ENSG00000142871	1	86045765	86049108	0.000112378530196253	0.721276615842473	0.00163571500575483	0.646990090060931	0.000313134763717852
DAAM1	222623	ENSG00000100592	14	59653607	59659120	2.76681405819346	96.8167523271972	3.29689953558593	11.3480264601855	0.612647194469067
DDX39B	619743	ENSG00000198563	6	31509720	31511142	64.7957932386718	78.4119788553471	75.6410210237419	64.8342393374075	129.4183574313
DDX39B-AS1	619743	ENSG00000228245	6	31509720	31511142					
DENND5A	104665	ENSG00000184014	11	9286200	9295054	36.1874692038574	6.23638096479181	47.6087940042571	12.0845025250898	488.564581461843
DGKH	187891	ENSG00000102780	13	42615556	42623900	2.1088015583843	4.48064364652809	2.33229145681941	0.572658829063822	0.233018622183173
DKK1	78929	ENSG00000107984	10	54071909	54076116	0.00245277863006543	2.59679685639117	0.00677273688023481	0.107326074706432	0.00839819620536631
DLX1	382424	ENSG00000144355	2	172946170	172950208	0.00693367412839872	0.151139056878778	0.00683201922977071	0.0174064204167811	0.0215383289154249
DMAP1	9971	ENSG00000178028	1	44678697	44684308	5.9104193990458	6.4897675095923	13.2327192300974	6.66492598570579	6.60598997368434
DPAGT1	137035	ENSG00000172269	11	118962934	118972931	7.86054732035808	5.45033299717243	4.42355531276678	6.36509303558895	0.938116315766188
DPYSL5	339670	ENSG00000157851	2	27068597	27073199	0.00396152816059103	0.0026978414388929	0.00316192263425937	0.00231723375580303	0.0136304009175
DUPD1	85588	ENSG00000188716	10	76813819	76818388	0.00326440574613759	4.80819790583698e-07	9.03122613773335e-07	7.98160484475173e-07	2.94113779042477e-06
DUSP13	85598	ENSG00000079393	10	76857907	76874214	1.09924938651391	0.0237929341669233	0.0151605668570975	0.0284103673938104	1.27165359254381
EIF4G2	105104	ENSG00000110321	11	10822742	10825488	222.232227360993	230.813503558257	103.322353029708	135.856454764	273.278957253663
ELOVL3	93470	ENSG00000119915	10	103980620	103986275	0.161078960604967	0.0171061033267801	3.31721522440929e-07	0.0368715085810967	0.000728282751109857
EVA1C	425622	ENSG00000166979	21	33778818	33787436	0.134605255406972	4.84289834868962	2.94812202860332	0.912439815468744	0.0566258455851089
F2R	578531	ENSG00000181104	5	76010304	76013194	0.0688822188030054	228.961387058931	0.327938559140591	10.5234789219932	0.134731716605098
FAM131C	3456	ENSG00000185519	1	16395667	16408325	8.16973687916206e-05	0.000253320950844295	0.000116706303234539	0.000536842312756441	0.000218675603077366
FAM13B	597937	ENSG00000031003	5	137387520	137390637	18.0033209418856	15.8391814229554	16.124159578522	10.9851443747394	53.1229378318576
FAM214A	244995	ENSG00000047346	15	52969845	52972231	7.41518649663318	8.02937512368026	24.5779264701014	10.2099103205737	66.5338098847417
FAM222A-AS1	175153	ENSG00000255650	12	110205640	110213215	0.000966378064676773	0.000704698885286575	0.000837405188999838	0.00464787036016927	0.00293522073890578
FAM78A	783831	ENSG00000126882	9	134151117	134156687	12.7937929373245	19.1690444021873	18.5516037744913	9.22372388998238	7.99271288969101
FAT4	534735	ENSG00000196159	4	126235067	126240622	0.000388287575888405	1.58244856774644	0.0174351585025963	0.0561195438807461	0.00161011485789956
FBXO43	737100	ENSG00000156509	8	101148443	101164371	0.0569630078570062	0.969865807867579	0.0456440277320186	1.18660744452184	0.203056464008429
FNIP1	596188	ENSG00000217128	5	131132045	131146387	15.8765280173114	39.5592694833203	8.94162636052746	22.1523558255601	121.250518877257
FOXC2	278067	ENSG00000176692	16	86591953	86603239	7.88158567037076e-07	5.61067256133483e-06	1.12679582308003e-06	2.80973310836954e-07	1.42285858856636e-06
FOXF2	610881	ENSG00000137273	6	1387542	1391564	4.19668856538863e-07	1.37234692505291e-07	2.37058827849595e-07	1.40598693300386e-07	7.78664568287883e-07
FOXL2	477941	ENSG00000183770	3	138663575	138667892	4.72827658376621e-07	0.018257975279533	1.83771994540377e-07	1.03783778870396e-07	7.01672011477044e-07
FOXN3	231676	ENSG00000053254	14	89882303	89884657	17.3625323446838	10.7816617758814	37.7855778764758	13.4734872716443	114.488189173576
FOXN3-AS1	231676	ENSG00000258920	14	89882303	89884657	1.51724293085318	0.327024356507561	0.0888802778226868	0.712333483621256	0.569180286003819
FRAS1	519239	ENSG00000138759	4	78978488	78980676	0.00364489120264447	0.0714257645900876	0.00724346925969956	0.0210093825834511	0.0121145641057372
FRY	184670	ENSG00000073910	13	32604928	32607989	2.91923687413702	4.6941483786448	1.87833734045848	2.37163324009846	99.2433111651489
FRY-AS1	184670	ENSG00000237637	13	32604928	32607989	0.0367700367368109	0.124082746415591	0.0323145638289509	0.0455232929363347	1.36108047612656
FTL	330168	ENSG00000087086	19	49468060	49469882	11250.8881227521	950.847197350541	305.118047332851	2710.8536076483	4874.62671495283
FZD6	738028	ENSG00000164930	8	104310067	104311835	0.353893298122623	5.89729265682866	0.89179971368848	3.05340954130349	0.0174774956094188
GADD45A	16704	ENSG00000116717	1	68149975	68154776	3.86946686918014	26.3848515500412	2.32355186718477	67.9307530384826	10.8820642475384
GDNF	566708	ENSG00000168621	5	37833945	37841853	0.00821907006745024	0.00750014224370199	0.00867444651198392	0.0094501832006583	0.0292875543513622
GDNF-AS1	566708	ENSG00000248587	5	37833945	37841853	0.000416523278653536	0.000791442527987271	0.00054900253013651	0.000259465671460623	0.00133610079384318
GFOD1	614457	ENSG00000145990	6	13485704	13486770	4.01163015877131	15.906429107341	0.278863564516549	2.36970114644289	0.893027753748508
GFOD1-AS1	614457	ENSG00000237786	6	13485704	13486770	8.16656113639969e-06	0.00161266053209908	2.65482317076236e-06	1.49422011214701e-06	7.88391873347135e-06
GLMN	24779	ENSG00000174842	1	92764068	92764836	3.35299513125923	2.54817319216492	6.58227211630597	3.53374723881006	1.24821277982083
GNAI1	683974	ENSG00000127955	7	79761339	79763416	0.384889398592263	12.8176958853442	0.806032797724247	2.52214277725048	0.0596155797631886
GOLT1A	51332	ENSG00000174567	1	204176179	204183485	0.0033340570825447	0.000704201073988346	0.107819013572354	0.000170968513268083	0.000644968059712597
GPR137B	60578	ENSG00000077585	1	236302483	236306046	14.8716346243656	3.43836719885576	1.30900900625781	0.898537622246987	0.29556441586369
GPR88	27405	ENSG00000181656	1	101000525	101008738	5.65949395173979e-05	0.0491738503960698	0.0115827308743697	0.00474150277989074	0.00073577552680707
GUCY1B3	544481	ENSG00000061918	4	156676321	156683782	0.87518871628262	107.081836996899	0.0395379717845289	3.59809251699632	0.0113919660431791
H2AFX	137035	ENSG00000188486	11	118962934	118972931	4.08085722691609	14.9403166442433	1.08914650563113	66.4449542104526	1.17853359794838
HERC1	248396	ENSG00000103657	15	64111700	64129409	26.9374306452325	58.4652975456052	59.0473693526832	64.6616861188623	85.2947661888389
HERC3	522672	ENSG00000138641	4	89438088	89457263	13.913059122822	7.53601384062886	30.0806615591369	7.48300050547987	163.916303339972
HFE2	34276	ENSG00000168509	1	145411681	145413459	0.0026778576009188	0.00302582965357255	0.00237543723893006	0.00364956917956033	0.012907774477094
HLA-DOB	620010	ENSG00000239457	6	32780977	32788956					
HLA-DRA	619900	ENSG00000204287	6	32405593	32409533	303.291386624746	8.68279406595423	2.34217853040703	170.518509107807	11.2114061502706
HMBS	137035	ENSG00000256269	11	118962934	118972931	2.89667303398749	1.98233023789092	1.6737328427092	158.241737607257	0.212682059872939
HOXA-AS3	669610	ENSG00000254369	7	27169429	27171023	0.0028697753138637	0.00229219984208779	0.00364944105825819	0.0194653142954907	0.0239992861988394
HOXA3	669614	ENSG00000105997	7	27181769	27195103	0.0165846049096481	0.0153955009329106	0.0229865157242265	0.105574211020996	0.099360444140735
HOXA4	669610	ENSG00000197576	7	27169429	27171023	0.0268835275110447	0.119475976719101	0.00342328381815971	0.0267102964962388	0.0349880129877037
HOXA5	669614	ENSG00000106004	7	27181769	27195103	0.233688106940573	0.02751932961521	0.0195061347985216	0.170793312674911	0.215034397236232
HOXA6	669614	ENSG00000106006	7	27181769	27195103	0.00091772817403712	0.00871203427213467	0.0457648015774654	0.0856684084079543	0.00319274558332365
HOXD9	383597	ENSG00000128709	2	176985034	176991384	0.000164067587574179	0.000180518620269132	0.000709114352199111	0.000106380193324417	0.00112068466041222
HS3ST1	499031	ENSG00000002587	4	11427959	11431851	0.123310004737141	0.000974012299940186	0.00205294997537917	0.0116591249114598	0.00206026980048241
HSPA1A	619788	ENSG00000204389	6	31779405	31785889	53.7035748994554	49.1108525810344	2.9964851710955	67.5412720394841	362.699965825241
HSPA1L	619788	ENSG00000204390	6	31779405	31785889	0.557067524272845	0.400960259747976	1.93398712952629	0.388245405322159	3.2061242510054
IFRG15	43955		1	179834057	179835407					
IFT27	434047	ENSG00000100360	22	37171394	37172435	7.83636101989788	10.0692212882444	4.82503863572078	7.10130697895039	2.02751955544982
IGF1	173092	ENSG00000017427	12	102873598	102880266	0.0162664126049551	0.0159807038682036	0.01231388849299	0.0216760752142664	0.0310823840998778
IGSF10	481958	ENSG00000152580	3	151176049	151177823	0.0940094016112957	0.0938469552259933	0.00407693924217411	0.0920541165635996	0.0429599537623619
INPP5A	102201	ENSG00000068383	10	134350253	134353660	3.53317854798686	25.0336279883794	6.69209843360343	3.61213441619621	36.8528551117923
INSRR	36919	ENSG00000027644	1	156828053	156831113	9.32245891561047e-08	3.12805247521046e-06	0.000300824804404313	0.00973131589081476	5.75422910771883e-06
INTS3	36308	ENSG00000143624	1	153721604	153725018	7.95362141432524	8.04121378870417	9.38709845895053	8.70296566535133	36.9693358864953
IRX3	269331	ENSG00000177508	16	54316961	54323196	0.00079080793781448	3.80364584832829	0.000810946269794878	0.0563320771915099	0.0030093585367449
ITGA6	382523	ENSG00000091409	2	173282693	173294593	7.88922179957839	193.269716320403	144.426032713908	4.14844617574564	1.28968950227937
KB-1639H6.4	737969		8	104131911	104133419					
KCNA2	30494	ENSG00000177301	1	111171739	111176704	0.0441417388669363	0.00625425471280605	0.313194771804697	0.00110835188941711	0.00502032923774936
KCNC1	107277	ENSG00000129159	11	17753298	17757101	0.000808641504317209	0.00107415608871167	0.000927329824599183	0.00142047898431065	0.00256053685459927
KCNK9	749519	ENSG00000169427	8	140702973	140718568	0.00744212567194095	0.0155062316674579	0.0111863330652549	0.00686879800215911	0.030434981668193
KIAA0020	751373	ENSG00000080608	9	2842364	2846028	7.97545308220161	9.50400580935581	14.6249100425487	11.2307308710401	0.317301120851102
KIAA1468	315034	ENSG00000134444	18	59852263	59856283	15.1080192966204	21.2599149805811	24.1442798338813	9.3725372934458	51.2328146447472
KIAA1614	44253	ENSG00000135835	1	180874955	180883137	0.0546534959999818	0.278066136420347	0.031908431051128	0.0858390582809939	0.142102463865105
KIF26B	63323	ENSG00000162849	1	245316418	245321109	0.00512493105467605	0.247428665316749	0.00164278672301639	0.0151871416784017	0.00178595898374463
KLHL24	492232	ENSG00000114796	3	183353058	183358200	20.1112318976561	19.1063366257086	34.4648509676152	23.9944810738672	69.828460230101
KLHL3	597834	ENSG00000146021	5	137066436	137075668	0.513495429035797	0.333897141574384	8.58672573965135	0.158760873137301	0.181397067914709
KLHL6	492212	ENSG00000172578	3	183269400	183277960	18.815755379803	18.9501789332908	16.3043997085755	4.40116310768991	11.0652099997882
KRIT1	687868	ENSG00000001631	7	91872667	91876695	10.4338305038865	16.6863892788089	19.7018244309146	16.1298057397008	8.86448722242179
KRTAP3-1	287362	ENSG00000212901	17	39164568	39165742	0.000164153563279228	0.000135653512394732	0.000158668449227362	0.000115823723072343	0.000619501474652918
LEKR1	483720	ENSG00000197980	3	156536810	156548111	0.2735649655731	0.615095774262151	1.00439823613541	0.359103313215076	0.161200640352768
LGALS8	60687	ENSG00000116977	1	236684384	236690335	37.0471841965661	40.5989974873845	32.9612866886187	41.7109568567192	60.7212988393944
LGALS8-AS1	60687	ENSG00000223776	1	236684384	236690335	0.106045069032311	0.263767839263941	0.0413385930952013	0.267100402657526	0.542689909738519
LHX2	782356	ENSG00000106689	9	126768067	126775500	0.0138271295565739	0.00103490398350751	0.00123437870564492	0.0028583202514773	0.00432310583916529
LRBA	542891	ENSG00000198589	4	151499146	151505938	6.20184478155763	60.256877016342	28.3463632681506	33.3115388390622	1.45722695041246
LTBP1	341341	ENSG00000049323	2	33170204	33173878	0.0469030309876147	327.01848789597	0.0934988625653614	25.0535077745756	0.232944933375786
LYRM2	636749	ENSG00000083099	6	90345657	90349111	20.3511032980436	12.9278863042792	10.1753308031082	12.2113866527559	3.78648155300521
MAB21L2	542891	ENSG00000181541	4	151499146	151505938	0.000122893677795822	1.35488806063841e-05	0.00012517988716654	0.0121434402592351	3.02571654738642e-06
MAP3K5	651672	ENSG00000197442	6	137107548	137118873	19.1240516815678	35.504165958521	5.91380821641802	5.71551180917799	82.591668449311
MAP7	651598	ENSG00000135525	6	136868597	136874843	1.55514358119008	1.93474984787469	0.23468311236713	0.428671601291973	4.12016546306952
MCTP1	584343	ENSG00000175471	5	94311836	94319024	29.2449953493839	57.4661861120504	0.813983683648922	6.610497056217	102.335430486819
MCTP2	256513	ENSG00000140563	15	94773058	94782077	1.99770040389689	18.8762284011655	4.81957134802188	8.68753160307776	374.586093735602
MDM2	162084	ENSG00000135679	12	69199429	69206632	50.3436706552704	42.5542631074725	19.7076865956365	79.9445963116479	104.45585307109
MED12L	481837	ENSG00000144893	3	150801268	150805258	0.037275600148208	105.532262009583	0.0952612051201238	6.9214400566295	1.3952570340021
MEIS1	351681	ENSG00000143995	2	66655565	66660927	0.119077106713491	121.07821082056	0.187310332070298	4.35260209338704	0.284934146367183
MEIS1-AS3	351681	ENSG00000226819	2	66655565	66660927	7.56838893096843e-07	1.96703796235931e-05	6.28647589804162e-07	5.76375688807869e-07	2.64956774084229e-06
MEST	699303	ENSG00000106484	7	130123397	130131393	0.332852561374565	147.560762564319	1.6208229144649	6.80745849536311	0.146545225630265
METTL13	41414	ENSG00000010165	1	171750038	171751187	8.08078495271668	5.43072897173664	3.57181007876551	11.2773788616727	2.4115096256149
MEX3B	253171	ENSG00000183496	15	82335167	82338934	0.75041879112361	3.20225966913835	0.032062653041517	1.64064810319913	0.00017473779045462
MFAP3L	549050	ENSG00000198948	4	170949886	170955810	0.155601869700694	35.511859361234	0.361911523287401	12.9266858951266	1.70692963836719
MIR1203	288883	ENSG00000221739	17	46229768	46240679	4.32073047932621e-05	3.0096250578717e-05	3.86920073439812e-05	2.55619369361533e-05	0.000139534747028498
MIR1255B1	684583	ENSG00000223770	7	81638222	81640005	5.207726401682e-05	5.41200069563448e-05	5.26389084213953e-05	4.18796239448577e-05	0.000222892768205361
MIR1256	4528	ENSG00000221808	1	21314908	21317537	2.16637570996849e-05	0.00057634624420313	2.04471406281112e-05	1.64208916727145e-05	0.000296117678732247
MIR1538	273594	ENSG00000223109	16	69598402	69613977	8.83839267439178e-05	6.37271442703372e-05	7.48671754989622e-05	8.46766095099979e-05	0.000248408627429372
MIR4470	724955	ENSG00000264408	8	62623674	62630513	5.74373695499274e-05	4.37954792464775e-05	5.71181426074719e-05	6.56140209176407e-05	0.000241788221274322
MIR497HG	280143	ENSG00000267532	17	6920166	6924142	0.00416049136256383	0.00548223018474109	0.000752483673563425	0.0142091926891982	0.00677637744909011
MIR548Q	67956	ENSG00000221331	10	12765351	12772891	3.73619952445016e-05	2.70027109135974e-05	2.77375766074128e-05	1.99894454471245e-05	0.000119224971401662
MIR555	36637	ENSG00000207720	1	155313410	155317418	3.49377305971581e-05	3.07382333326242e-05	3.25320025967676e-05	2.82446598146294e-05	9.90653137221692e-05
MIR614	145320	ENSG00000207817	12	13063501	13074579	3.71236420188373e-05	4.59091265052309e-05	3.93417206577212e-05	2.63204027031829e-05	0.000121539159349949
MIR620	176678	ENSG00000207967	12	116585001	116588581	3.80799080632322e-05	3.65323169655025e-05	3.30118157406042e-05	3.11092252369781e-05	0.000110948066706106
MIR7-2	255054	ENSG00000207703	15	89154319	89157942	2.8111726307669e-05	1.80282011997876e-05	2.22182006064932e-05	1.9770766486498e-05	9.71138161368072e-05
MRPS28	730806	ENSG00000147586	8	80939653	80943497	20.2751548539182	11.9797378148175	13.7455652135112	16.1160206497591	1.56110404940857
MYCN	336539	ENSG00000134323	2	16072331	16091526	3.04728592271565e-07	1.65150562836315	0.0043744969097673	0.273101529132451	7.42372982729326e-07
MYCNOS	336539	ENSG00000233718	2	16072331	16091526	0.00573631531022212	0.0918455767202598	0.00476057172414079	0.0123570793755522	0.0213392863298363
MYOM1	298619	ENSG00000101605	18	3210222	3220746	0.31456870004818	21.4833891862798	1.57059042754183	0.514841855924118	1.57625187042001
NDST4	531333	ENSG00000138653	4	116033940	116035963	0.000240206244579702	0.000218870580498469	0.000256520363193015	0.000191244823679628	0.00091117509662972
NEK5	191031	ENSG00000197168	13	52694382	52706050	0.148570744516629	0.221707878523006	0.188223628862686	0.164047763722336	1.18841776029794
NELL2	155246	ENSG00000184613	12	45312160	45318276	0.0629099017727744	0.0258740012771484	94.9751228111569	0.169290238188087	0.138284431193554
NETO2	267281	ENSG00000171208	16	47173399	47182303	5.6905145924796	0.864229725555889	0.0776646556111978	33.1458940306605	0.374732261813559
NF1	285044	ENSG00000196712	17	29701174	29707014	7.88688487614911	11.4272026144204	9.26271768557179	13.3517017502154	28.8479052107081
NFAT5	273594	ENSG00000102908	16	69598402	69613977	5.60635758959603	10.5375672703422	6.29267489702394	10.3655607902868	61.0677878562136
NOL8	773147	ENSG00000198000	9	95083960	95094668	9.98169488755834	15.1374737363794	19.9948550340438	15.8292397786381	8.63014810291021
NRP1	73986	ENSG00000099250	10	33621192	33629950	25.5279379899193	0.0816908488317677	0.126535056485696	3.92536306914226	0.0618795530282336
NRXN2	121255	ENSG00000110076	11	64415879	64426615	0.0418107606765707	0.226876462857711	0.0349214156915335	0.0200607290958952	0.0951483207687328
NTRK1	36919	ENSG00000198400	1	156828053	156831113	0.014071633480416	0.408049566218907	0.0271382459099446	2.23457007335911	0.0404236127480609
NUAK1	174159	ENSG00000074590	12	106530562	106535711	0.00609175343764867	0.00142024395031727	0.012550774742522	0.0117425515345611	0.0267133291414592
NUDT6	533913	ENSG00000170917	4	123842248	123845449	1.84974784924342	2.7422992400031	0.953463740136963	4.040542029327	0.0174297226177283
OR1K1	782009	ENSG00000165204	9	125553577	125565494	9.30321153029576e-07	3.81645643837081e-07	5.70925272097756e-07	2.64412315408897e-07	0.000140045179527279
OR5B21	119720	ENSG00000198283	11	58274435	58281430	0.0787518413963685	6.01820489607342e-07	0.0156239738699743	0.0152933658169848	1.06149680096573e-05
OXNAD1	441514	ENSG00000154814	3	16306617	16309258	6.41945651973987	4.69807745955789	92.0905647371075	5.92288610982361	2.33105553643158
PAWR	165711	ENSG00000177425	12	80080060	80086086	0.0361046245523247	10.7391582116694	0.575268144953296	1.78773302128662	0.453234892127154
PCBP1	352782	ENSG00000169564	2	70313150	70316140	46.1637367470932	44.307473899643	25.8245345642598	70.7214448469375	174.806103670815
PDE3A	147660	ENSG00000172572	12	20521213	20524412	0.00368119573629245	25.7058872242363	0.012191271820409	0.718841312579291	0.00247363412229559
PDE5A	532831	ENSG00000138735	4	120545942	120553617	0.0718691919970226	68.1299361228158	0.235628080921169	1.81459689866118	0.179453647849996
PELI2	221618	ENSG00000139946	14	56582979	56586715	2.0266455608586	8.7799733635121	3.00114082734168	6.48585627678456	66.5140427753492
PHF12	284462	ENSG00000109118	17	27278716	27285365	4.59860661930087	6.77066994912913	13.1053263891583	6.57118281257899	137.512458942714
PHOX2A	122727	ENSG00000165462	11	71954374	71958914	0.000928191864802635	0.000513341131832064	0.000590970174590329	0.000401284000223126	0.00334405004131716
PIEZO2	301058	ENSG00000154864	18	11147177	11150608	0.0208232090280162	0.882476052847769	0.0216418788050277	0.117063219635324	0.0586267590273822
PIGN	315034	ENSG00000197563	18	59852263	59856283	14.6570550541485	34.5553841269359	10.0097162088616	12.2493006877709	6.45066046664101
PIGO	761495	ENSG00000165282	9	35094790	35101834	5.34389977881694	4.02424255153467	3.8127567813937	3.44248587554779	1.19968611538466
PIGY	522672	ENSG00000255072	4	89438088	89457263	0.0024377001092733	0.000349594507147797	0.0001146236668674	0.000407153150823809	0.000188498371420701
PIPOX	284462	ENSG00000179761	17	27278716	27285365	0.714740535888655	0.745135056758641	0.665963329786779	0.333482579173765	3.89430614485699
PLEKHM3	393663	ENSG00000178385	2	208842013	208843327	5.41575226480455	1.9081592626641	4.62251413508586	3.35603040564433	23.283822571916
PLOD2	480241	ENSG00000152952	3	145782472	145789616	0.1435477947793	13.1783681288237	0.061629283935676	2.02915986675397	0.0375283611827435
PLS1	479044	ENSG00000120756	3	142306029	142316724	1.22940802246691	3.76532196878788	1.1296244610811	6.5165744622554	0.136005525931798
PNP	210705	ENSG00000198805	14	20931342	20938681	36.1306392353402	165.791345107667	8.62942169776377	102.282526165717	1.47730358415394
POLR2K	737100	ENSG00000147669	8	101148443	101164371	26.9315050623286	18.5624373326904	17.3567458766941	19.3734553588793	7.03535259348312
POLR3B	174215	ENSG00000013503	12	106746252	106754477	2.27209924593506	1.20612495880938	2.69728609406648	2.3847131597257	1.21706016760659
POU3F1	8392	ENSG00000185668	1	38510351	38514482	0.00874766721720763	1.83930728433695e-07	7.78983205130981e-06	0.0213403389193893	1.10120573557529e-05
PPBP	517876	ENSG00000163736	4	74852105	74855338	0.0356799820818428	2630.23911828936	0.0743546729133466	88.8712638202143	0.0101286056139396
PRDM16	495	ENSG00000142611	1	2985230	2988777	0.00381283355424054	0.0115664498465736	0.0076801495616589	0.0113698387730462	0.0156612993493277
PRICKLE2-AS1	455677	ENSG00000241572	3	64082422	64086937	0.00021975821224616	0.000228664820445454	0.000208813299755382	0.000130515162351211	0.000816570826670816
PRKG1-AS1	78929	ENSG00000236671	10	54071909	54076116	0.000533974404800114	0.506666157137825	0.000548789146881977	0.0199823448787076	0.0018159233809653
PTBP3	779014	ENSG00000119314	9	115094480	115106436	28.1159433151661	44.5265974980092	24.374712992847	20.8339496044147	171.887507688675
PXK	453839	ENSG00000168297	3	58316682	58322197	11.9321078378979	9.72347800460317	5.94854256302434	15.0350455893188	59.6818157761987
PYURF	522672	ENSG00000145337	4	89438088	89457263	30.5500134701528	25.2151929378121	21.8403951172484	26.6356048418966	4.71160389901353
RAB11A	248882	ENSG00000103769	15	66161679	66162506	89.5167431507448	141.943161622437	28.7932214224364	44.9879127731602	125.49321160993
RAMP1	402551	ENSG00000132329	2	238766345	238769802	1.87954627441357	4.08824877997173	0.197116913282495	0.802660734877719	0.020668361233618
RFTN1	441573	ENSG00000131378	3	16551836	16558120	15.0476410440439	6.75529544175619	12.0021703047255	2.66071224611351	0.152090031746499
RN7SL104P	336539	ENSG00000243541	2	16072331	16091526	3.00637194488596e-06	2.1079247481865e-06	2.71924168763161e-06	1.74229708542402e-06	9.83351559931924e-06
RNA5SP143	479044	ENSG00000252745	3	142306029	142316724	2.3935052537196e-05	1.68200326974385e-05	2.71116371305869e-05	1.68736697937218e-05	7.61991871828666e-05
RNF220	10026	ENSG00000187147	1	44870573	44879262	28.4017950387983	17.2955061424347	30.7430435352082	22.8176383483925	17.7194027149914
RNU1-8P	1370	ENSG00000207056	1	7279196	7281793	1.01338211894516e-05	8.451443584426e-06	9.11323771217387e-06	5.18725370882568e-06	3.44781255686112e-05
RNU2-43P	93226	ENSG00000222238	10	103058455	103068594	6.97369441085755e-06	7.10740547534531e-06	6.82183194980887e-06	4.71431868706621e-06	2.50699003828274e-05
RNU6-1031P	16659	ENSG00000207504	1	68006279	68007625	2.54375875947585e-05	2.82363625235279e-05	2.95074581526522e-05	1.75298371063843e-05	9.52359920977636e-05
RNU6-1123P	137168	ENSG00000199217	11	119523930	119534523	2.84280315419815e-05	2.76297732388362e-05	3.22369013203357e-05	2.09670971497686e-05	0.000104452628505257
RNU6-142P	315195	ENSG00000206746	18	60393023	60398670	2.53528100347827e-05	2.36536459340266e-05	2.66849383668092e-05	2.08260458277732e-05	9.81715550570691e-05
RNU6-166P	160895	ENSG00000207099	12	65484481	65494218	2.71939513950836e-05	2.1982292989584e-05	2.49201210169778e-05	2.30313056717406e-05	0.000101642983338166
RNU6-197P	512357	ENSG00000252489	4	57153046	57157882	3.05699284574683e-05	3.10140584013652e-05	3.3201308909375e-05	1.78705553625116e-05	0.000114962559987574
RNU6-237P	274893	ENSG00000251794	16	74490021	74496137	6.10702675917815e-05	4.24357258604107e-05	5.2687819517166e-05	5.31455516281588e-05	0.000194065928430307
RNU6-369P	10015	ENSG00000199385	1	44856226	44857184	3.14989963841465e-05	2.64022860314765e-05	3.25518124823706e-05	2.77560658810446e-05	0.000116139519689125
RNU6-57P	187687	ENSG00000223280	13	41925817	41931071	2.93637757000032e-05	2.0907416068361e-05	2.56518783800483e-05	1.63096084012758e-05	0.000117181792388825
RNU6-73P	183429	ENSG00000207330	13	28400694	28403234	3.03044165397493e-05	2.93810702670543e-05	2.28910109857737e-05	2.7001553641129e-05	0.000100601002649985
RNU6-920P	284602	ENSG00000222858	17	27968274	27975204	3.79847849883427e-05	3.99572686165412e-05	4.00670499740188e-05	2.44970917546499e-05	0.00069877838968361
RNU6-926P	423630	ENSG00000206802	21	27560355	27568201	2.92296458268517e-05	2.08496521608225e-05	3.15135638047176e-05	1.79978878008396e-05	0.000107783245499775
RNY1P6	190880	ENSG00000206920	13	52144932	52164152	2.51184149392974e-05	2.65865982907931e-05	3.65050022858857e-05	2.16034798658131e-05	0.0001208676940833
RP1-170O19.22	669614		7	27181769	27195103					
RP1-170O19.23	669614		7	27181769	27195103					
RP11-1336O20.2	542891		4	151499146	151505938					
RP11-162J8.2	655493		6	149279974	149287735					
RP11-182N22.8	761495		9	35094790	35101834					
RP11-187A9.3	187891		13	42615556	42623900					
RP11-216N14.8	36308		1	153721604	153725018					
RP11-216N14.9	36308		1	153721604	153725018					
RP11-274H2.2	480240		3	145779886	145782471					
RP11-274H2.3	480241		3	145782472	145789616					
RP11-284H19.1	147660		12	20521213	20524412					
RP11-2E11.10	699303		7	130123397	130131393					
RP11-2E11.5	699303		7	130123397	130131393					
RP11-318M2.2	738028		8	104310067	104311835					
RP11-329J18.2	267281		16	47173399	47182303					
RP11-350N15.4	718436		8	38277941	38281780					
RP11-356I2.4	652021		6	138186855	138192635					
RP11-360F5.1	507848		4	39127468	39135679					
RP11-360F5.3	507848		4	39127468	39135679					
RP11-37E23.5	184759		13	32870713	32874606					
RP11-390K5.3	116419		11	47144706	47158058					
RP11-420K8.1	8712		1	39720568	39724686					
RP11-463O9.5	278067		16	86591953	86603239					
RP11-465K1.2	25529		1	95317503	95322127					
RP11-466G12.2	522672		4	89438088	89457263					
RP11-46A10.2	44253		1	180874955	180883137					
RP11-530C5.1	165711		12	80080060	80086086					
RP11-561E1.1	714380		8	24371015	24372731					
RP11-582J16.5	713823		8	22472817	22479812					
RP11-589P10.7	280143		17	6920166	6924142					
RP11-662I13.2	149082		12	25101330	25103787					
RP11-67K19.3	780143		9	119327462	119331150					
RP11-688I9.2	139268		11	126861930	126864734					
RP11-68I3.11	284602		17	27968274	27975204					
RP11-7N14.1	122770		11	72119041	72121902					
RP11-85O21.2	782356		9	126768067	126775500					
RP11-85O21.4	782356		9	126768067	126775500					
RP11-887P2.5	170332		12	94131026	94135296					
RP11-96B5.3	78504		10	52824599	52830196					
RP3-325F22.5	651598		6	136868597	136874843					
RP3-496C20.1	434655		22	40436829	40449114					
RP4-530I15.9	415759		20	49190970	49202008					
RP4-591N18.2	434793		22	40915909	40920788					
RP4-728D4.2	7811		1	36037223	36043346					
RP5-884C9.2	8392		1	38510351	38514482					
RPAP2	24779	ENSG00000122484	1	92764068	92764836	5.20425332127284	5.60788349019629	11.3804417057921	4.64810146275975	3.4391338506015
RPL7L1	622523	ENSG00000146223	6	42841139	42851405	22.1956974130664	26.142875532301	23.2448241991857	24.8091825474112	5.04806258678073
RPS13	107092	ENSG00000110700	11	17091057	17100015	370.423237727758	318.044096224867	1157.24359145746	453.037022106785	38.5759967727746
RSPO3	648550	ENSG00000146374	6	127437132	127442373	0.000690426918653626	0.00039043464718162	0.00108081892873542	0.000367538989393424	0.00286924750632933
SAMD3	649701	ENSG00000164483	6	130679476	130689275	0.0485560227154222	0.02162533014501	19.0492930788458	0.0873981510698737	0.220174271048766
SAMD8	85598	ENSG00000156671	10	76857907	76874214	8.47309358377042	4.22939958346668	8.45879088629473	2.69469182897621	47.3670079746036
SATB2	391159	ENSG00000119042	2	200335376	200339736	0.346500954109122	0.0387354545748897	0.0171892900977335	0.052305897500568	0.312007055855844
SCN2A	380241	ENSG00000136531	2	166095630	166096411	0.00130364658828949	0.0486611994270432	0.0129058606369976	0.0216186015646035	0.00492621641058087
SDC3	6685	ENSG00000162512	1	31379889	31383989	3.17934706030421	0.0142998920200135	0.0136010775489568	0.371576077418882	0.0100648421298326
SDPR	388741	ENSG00000168497	2	192705523	192718847	0.0755503899332072	227.218787269227	0.0400509150580321	12.9282371905099	0.000449439295453137
SEMA3C	684226	ENSG00000075223	7	80548006	80553154	22.9180954582857	2.67485018687709	0.0790254751821213	0.161764913107342	6.09298752293708
SEMA3D	685627	ENSG00000153993	7	84814823	84817373	0.00272910354451636	0.0683839845260203	0.00107613968398541	0.101635118264572	0.00227582833217918
SEZ6	284462	ENSG00000063015	17	27278716	27285365	0.0263608008084084	0.161141520176196	0.0132392250938908	0.0302423762412569	1.59498225248858
SH3BGRL2	633565	ENSG00000198478	6	80340745	80343629	0.0691134802119851	21.8277778914049	0.527792266242886	4.79126203053732	8.19472615675444e-06
SHPRH	654545	ENSG00000146414	6	146284581	146286093	5.3271284931919	12.9327567253255	16.7727826476415	7.41599273517943	3.67485286424359
SIM1	640078	ENSG00000112246	6	100912679	100913501	0.00081899221096959	0.000622541690324293	0.00115165670777907	0.00111737717129068	0.00330292006481599
SIRT5	614479	ENSG00000124523	6	13571911	13579894	4.00795985999562	3.97459705785043	7.2775461797012	2.23203527509598	8.37508868033135
SIX2	345023	ENSG00000170577	2	45234314	45238458	2.07585821628932e-07	2.13875173654006e-07	7.92599721284063e-07	1.88219660105943e-07	8.68697224411541e-07
SKAP1	288883	ENSG00000141293	17	46229768	46240679	0.234247055225939	0.468885367466301	27.2141617984195	0.593364942829532	0.110475376565992
SLA	747514	ENSG00000155926	8	134115095	134116106	16.8198378708356	10.8203292986065	25.6616457049014	3.68799831441585	522.725976179177
SLC29A3	84601	ENSG00000198246	10	73076014	73083832	16.8576951439465	0.771553992271428	0.648814204556493	0.474939357579554	0.263882919164208
SLC9C1	470106	ENSG00000172139	3	112010363	112013926	0.00224013337279592	0.00377360955930103	0.00288244537132929	0.00769848939873353	0.0365589313732565
SMCO4	129178	ENSG00000166002	11	93274740	93279404	40.9065016690224	0.92166024043062	0.0893091566897073	1.58299140077125	7.63417447618935
SNORA26	53527	ENSG00000212588	1	212191627	212202574					
SNORD14A	107092	ENSG00000272034	11	17091057	17100015					
SNORD14B	107092	ENSG00000201403	11	17091057	17100015	0.00073624816312707	0.000333452557380076	0.000260395544539959	0.000242415793460552	0.00017635758254376
SNORD97	105104	ENSG00000238622	11	10822742	10825488	1425.74393400452	395.621009868529	1465.93345935318	1223.36905062275	2727.52596612187
SORBS1	91649	ENSG00000095637	10	97113918	97120252	0.299321103587598	0.821582851394584	0.380238294185794	6.9063677520872	0.303813649007796
SOS1	343215	ENSG00000115904	2	39346734	39371804	7.45616108646764	62.9784984613982	7.66428511755032	13.6816955557624	12.7885134413391
SOST	287923	ENSG00000167941	17	41830708	41837127	3.46836202692698e-07	2.4968310758433e-07	2.36369398482349e-07	1.99608846810914e-07	8.07045751878599e-07
SOX2	491687	ENSG00000181449	3	181427106	181445633	6.1334695902964e-05	4.16685757327865e-05	0.00220859489927379	0.000695443246211711	0.000162783450947397
SOX2-OT	491683	ENSG00000242808	3	181417166	181417570	0.100689555178775	0.0934299526669242	0.384163736424159	0.125882524603421	0.346745056518067
SPATA5	533913	ENSG00000145375	4	123842248	123845449	2.32465251273995	6.38875900456734	8.48583872834434	9.43365721039038	0.0228847937044086
SPDYE4	280488	ENSG00000183318	17	8660389	8662324	0.00185323063542981	0.166100327145915	0.00233402739497213	0.00573208378906739	0.366908768899778
SPRY1	534088	ENSG00000164056	4	124315351	124325321	0.580180128780704	15.4800181484369	0.413077797191133	3.01947763731202	0.105684212123931
ST3GAL5	357421	ENSG00000115525	2	86115619	86116415	23.8931363969668	4.09207990029019	11.7129930433518	2.6074216216989	0.198389860697722
STK32B	497472	ENSG00000152953	4	5051135	5054419	0.059803499073996	0.0186660304700136	0.0278784857459486	0.526414606549646	0.0212609628171582
STOML2	761495	ENSG00000165283	9	35094790	35101834	21.6836607354371	28.276659372862	12.7585928313695	42.635568603535	4.63128043007456
TAF5L	58719	ENSG00000135801	1	229759689	229763411	8.31195276458885	6.70091023992106	6.70614984133017	7.84423485534314	4.56500656456012
TBC1D7	614398	ENSG00000145979	6	13325435	13329633	7.39522536473316	10.317691472868	2.93879972786177	11.9252601094371	16.3479128993614
TFAP2E	7811	ENSG00000116819	1	36037223	36043346	0.163085050994354	0.261271645348629	0.443103120737196	0.16467669502563	0.0584786208009176
THPO	492412	ENSG00000090534	3	184089813	184100052	0.00349521291742667	0.00171085284540725	0.00251646218712866	0.00167275861292828	0.00672004947434755
TMEM194B	388276	ENSG00000189362	2	191394777	191401014	1.3369924765399	3.15349503876728	5.38188531003481	1.82521876055614	0.152412151435836
TMEM200A	649701	ENSG00000164484	6	130679476	130689275	0.00574543053876164	0.0616908313586185	0.275837250900948	0.00985810665770563	0.000858335528119156
TMEM55B	210703	ENSG00000165782	14	20923491	20930159	12.2413228688085	14.6880862677108	13.5727280927289	13.459414831576	28.4125703827562
TNFAIP3	652021	ENSG00000118503	6	138186855	138192635	56.0219433697712	7.47771083620873	131.54940601045	2.18867174052137	153.920456396294
TNFAIP8L2	35627	ENSG00000163154	1	151127851	151129135	22.1882384461381	12.532350910737	5.34033023148542	4.66097124758239	43.2789935828596
TNRC6B	434655	ENSG00000100354	22	40436829	40449114	9.43733862817784	13.2753647145614	37.9942085739282	20.1358910809582	164.100930163332
TRAM2	625480	ENSG00000065308	6	52440662	52444529	2.58222608035888	7.58470237858075	1.9437651034175	4.06207468254873	0.787729648502251
TRAM2-AS1	625480	ENSG00000225791	6	52440662	52444529	0.428995715948189	0.445733847551591	0.289296581698322	0.384120431697736	0.0246261373773671
TSEN15P3	669027	ENSG00000234922	7	25295286	25306173	1.80343851538001e-06	1.85720115395513e-06	2.19636352623408e-06	1.807607968023e-06	6.49569316422668e-06
TTBK2	242055	ENSG00000128881	15	43212366	43220513	2.06469636433562	3.24929063773894	7.5932427667534	4.90060589076356	5.94663251172216
TWIST1	667081	ENSG00000122691	7	19154064	19160186	0.0043414563223291	0.094785709370038	0.00175057012596497	0.00708974325509384	0.00275846423479054
UBASH3B	137994	ENSG00000154127	11	122523923	122530325	19.1047992091218	63.0883867351638	8.73666678456759	2.57802048005275	21.2429686183318
UBE2Q1	36465	ENSG00000160714	1	154521938	154528817	20.554858754982	29.0021521859244	15.3006259933915	16.7075188501734	41.0004521594506
UBE2Q1-AS1	36465	ENSG00000229780	1	154521938	154528817	1.4099528160825e-06	1.15035500933414e-06	1.589354644897e-06	8.61874514805403e-07	4.38277560876281e-06
UBXN2A	338954	ENSG00000173960	2	24148001	24150488	5.2915472138467	9.8333536476726	4.45962080966098	8.0482433373027	0.942126060858782
URB2	58719	ENSG00000135763	1	229759689	229763411	1.9151142725568	2.35854925416656	3.32758350757201	4.38686061171448	0.00421149787374742
VPS18	241590	ENSG00000104142	15	41181631	41198090	13.4132036788035	7.08049183755399	3.93177112445881	4.54625514331005	13.2724660340657
WDFY2	190880	ENSG00000139668	13	52144932	52164152	3.65215114490384	5.80053433794339	4.28236313753835	4.14651759670329	22.7636399390445
WIF1	160902	ENSG00000156076	12	65514671	65517164	0.000745155489041562	0.0347740697248522	0.000785323354969508	0.00290305644238251	0.00283854801644533
WWP1	732783	ENSG00000123124	8	87346737	87357461	7.99834440576481	12.657121744854	29.3235219875313	9.01296276804417	3.07190913924681
XIRP1	448848	ENSG00000168334	3	39233591	39234276	0.000670528521891165	0.0532575006984075	0.000176572322230668	0.0281434354267664	0.000367106583561726
ZAR1L	184763	ENSG00000189167	13	32889224	32896768	0.00151644797085124	0.000648594208869909	0.00087864245373421	0.0175723057821217	0.00218306177177786
ZBTB16	135650	ENSG00000109906	11	113929460	113932061	0.100089617641496	11.6681554405958	1.09954888612062	0.749414419547361	0.655870040037739
ZC3H12C	134503	ENSG00000149289	11	109961478	109966743	8.43894165414552	61.3137039776879	0.0225801289868748	2.78096738850777	0.102628044238767
