baitName	baitID	ENSEMBL_GENEID	baitChr	baitStart	baitEnd	MacMon	MK	nCD4	Ery	Neu
AASDH	512394	ENSG00000157426	4	57252367	57255776	3.96662309342833	2.43190371846644	6.55944661653469	3.74628187697655	1.27730980586852
ABCD2	153554	ENSG00000173208	12	40010935	40014886	0.00502794303483615	5.27058195575141e-08	10.1259606971661	2.38173523799278e-05	1.99372851243301e-06
AC007879.5	393533		2	208392966	208398769					
AC010468.2	589528		5	110603795	110607566					
AC011747.7	334447		2	8815511	8821098					
AC013264.2	390480		2	198059736	198063912					
AC019201.1	377739		2	158296257	158299768					
AC022210.2	357208		2	85134085	85145948					
AC079610.2	395493		2	214147251	214150607					
AC083862.1	700634		7	134832273	134838721					
AC083949.1	344220		2	42396038	42398533					
AC092846.1	503268		4	24419783	24424102					
AC093602.1	539158		4	139935712	139941193					
AC144449.1	375142		2	150438437	150444007					
AC144521.1	442202		3	18484341	18492607					
ACRBP	143509	ENSG00000111644	12	6749804	6754440	0.925799191706598	27.964617225166	0.687298647234611	1.99015862904744	2.72395121999764
ADIPOQ-AS1	493064	ENSG00000226482	3	186571165	186574227	1.21623929796784e-07	1.08414214536618e-07	1.69069238977021e-07	1.75316778359171e-05	4.54641379780094e-07
AF213884.3	527252		4	103485281	103488948					
AKR1D1P1	40087	ENSG00000227776	1	167485364	167489324	1.54474697845469e-06	4.57263225484197e-07	0.749181195746304	4.59073205107423e-07	1.84611277232633e-06
AL162430.1	11824		1	51650024	51658076					
AL162430.2	11824		1	51650024	51658076					
AL391559.1	636962		6	91154197	91157389					
ALG11	190993	ENSG00000253710	13	52583634	52587063	3.83323704058824	6.45957401631833	4.22876501652672	5.25110666986031	2.78670237423093
ALKBH1	227938	ENSG00000100601	14	78173239	78174605	4.14258326784121	2.33106063900373	3.33608342661579	3.56840546890245	1.97520639150856
ANKRD13C	17565	ENSG00000118454	1	70819945	70824643	9.63374798318615	7.74561368651763	14.2757349904227	9.2063995790241	0.959958738180649
ANKRD17	517655	ENSG00000132466	4	74119805	74128240	13.025486058792	17.9795207464378	15.4196472565307	17.0988951215908	23.6167440018605
ANKRD31	578071	ENSG00000145700	5	74530411	74536305	0.00634968979847003	0.0772493616919244	0.6323866032595	0.0139086246707796	0.00412934324565327
AP000911.1	141400		11	133825146	133827748					
AP000974.1	126664		11	85559533	85566329					
AP2B1	286162	ENSG00000006125	17	33903398	33906837	16.6525424474701	41.716081719565	15.9001531644197	47.5874394182975	27.5968508438124
APBB1	103804	ENSG00000166313	11	6410655	6418631	0.705564329486321	0.287991889857572	42.6527816479798	0.616128119205551	0.281345277225365
ARFIP2	103831	ENSG00000132254	11	6501118	6503638	11.3005544762111	18.9401379995386	12.0924796416544	15.4052575213757	8.08124505854025
ARHGAP5	214176	ENSG00000100852	14	32543465	32547211	8.01230479885276	21.5218788909318	25.0644997438536	12.0857110357669	2.36925423719834
ARHGAP5-AS1	214176	ENSG00000258655	14	32543465	32547211	0.185031581660634	0.59267610522535	0.291736543335071	0.237437190543858	1.88172434243939e-05
ARL4C	401646	ENSG00000188042	2	235397099	235410803	3.55650193715828	0.0293913962274071	61.3756847062331	2.03057468418771	0.148520450062372
ARL5B	69671	ENSG00000165997	10	18947403	18954126	5.80320143979528	16.061632828605	5.97474394294568	7.14958167962815	9.88128883427808
ARL5B-AS1	69671	ENSG00000152487	10	18947403	18954126	0.653546236913979	1.89050257648548	3.01427320724281	0.562232675540355	2.48500711691505
ARL6	465361	ENSG00000113966	3	97480970	97487849	1.20711918503896	1.08092674875132	2.22737829673287	1.12841088742325	0.0465363667787531
ARMC12	620619	ENSG00000157343	6	35694834	35706255	0.0181359464602765	0.181010550481972	0.42106257049573	0.0591758859883866	0.171197343274959
ASB15	697279	ENSG00000146809	7	123206939	123209311	0.00302773005894064	0.0027277542533919	0.00351071254498454	0.00234915133204447	0.011404650730775
ASF1A	645870	ENSG00000111875	6	119214311	119223798	5.6073792856196	13.7328857189227	12.4141877528749	30.4718665168537	0.370475256940417
ATP6V1H	722474	ENSG00000047249	8	54751295	54758890	85.3182566119019	14.3336995095046	13.7826250172204	19.0025626929724	24.0213861583488
ATP7B	190993	ENSG00000123191	13	52583634	52587063	0.21354579249198	1.70632404248716	0.272829319439192	5.07250028370903	1.42477323304396
AURKA	417398	ENSG00000087586	20	54962085	54967538	4.13233616451538	16.6408420909609	0.22424313697983	38.0773207369258	1.5536890980913
AXDND1	43821	ENSG00000162779	1	179327211	179337053	0.146993195179312	0.040703414618481	0.0845319036542338	0.0272120292569421	0.307966039879214
AZI2	445496	ENSG00000163512	3	28387145	28394374	23.5538304695884	15.0083499147488	13.2827339443312	15.9247395836368	21.6757896216067
B3GALT2	48140	ENSG00000162630	1	193155464	193155851	2.8004170969594e-05	0.00935996907180166	0.00724753579788711	0.0439625936327812	0.000288240465513353
B4GALT4	472354	ENSG00000121578	3	118948999	118960427	6.62011975637645	6.48289200069562	8.73261609467256	2.30513409082123	3.42147913115549
BACH2	636904	ENSG00000112182	6	91005343	91007425	0.0740025679337914	0.121826997636915	24.9511207782901	0.404048381763325	0.129433647317677
BEAN1	272911	ENSG00000166546	16	66451660	66464980	0.0626692540334115	0.00674709462426229	0.00918134787452192	0.0060570272543322	0.0873911560507335
BPGM	700493	ENSG00000172331	7	134330931	134332325	5.96857983444371	5.28602585402197	4.62420744095554	28.8831635331969	8.78444105707952
BRWD1	427593	ENSG00000185658	21	40690032	40695069	15.2666071552518	19.7420992606204	45.7949462965652	15.9882463417972	44.3204391968276
BTBD18	119514	ENSG00000233436	11	57508923	57520073	0.00111277828763493	0.00100103919244268	0.000708904308186577	0.00892025137840875	0.0118923011795584
C12orf60	145896	ENSG00000182993	12	14955938	14958094	0.31542853549129	0.406532951087845	0.136229065106623	0.738851998060824	0.0934623212605123
C19orf12	326268	ENSG00000131943	19	30204826	30207454	7.58581132120589	3.42178852147296	7.9088310705063	1.86769742502475	1.44600408976961
C2orf40	361895	ENSG00000119147	2	106673476	106683067	0.0090956168053726	0.01082980425143	0.336235151604602	0.00514965193848129	0.0240327370667771
C6orf164	636058	ENSG00000203871	6	88102592	88110634	0.185884531639034	0.228391360950323	0.743092445298041	0.23623902910169	2.03939768843567
C6orf211	656144	ENSG00000146476	6	151766799	151774881	15.821277038066	5.47285293359291	3.96306906758301	11.2788450162228	13.2300620253553
C6orf57	630737	ENSG00000154079	6	71275934	71281729	4.56079377615124	3.58825749492144	2.10585169743841	2.06740427848129	0.796310536539606
C7orf25	674383	ENSG00000136197	7	42949046	42951948	1.30190777751024	1.45371261345647	0.843772848179792	0.502063008939385	4.06908009110274
C7orf33	704597	ENSG00000170279	7	148286801	148288606	4.07282699283204e-06	3.87814013281449e-07	3.09589067409915e-07	5.61004821301983e-05	1.51207400900743e-06
C7orf60	693802	ENSG00000164603	7	112578682	112581044	8.97711907758314	7.06358966820018	8.09010121536549	2.07877202888751	23.3792150201659
CAPRIN2	151012	ENSG00000110888	12	30906902	30909795	3.84831184755233	2.42720172556605	9.51436243466607	12.8638216574679	2.85717052787631
CAPSL	566096	ENSG00000152611	5	35933668	35939093	0.0017171519445206	0.00162685491812425	0.00845837031705762	0.00141220050208051	0.00616221903316259
CBX3P2	298456	ENSG00000266405	18	2655350	2658797	0.395297771698723	0.386433058134069	3.97224426954024	0.303824924005451	5.50362177814903
CCDC102B	317084	ENSG00000150636	18	66381885	66382825	1.98430105275295	1.03293855596046	3.48587379187895	1.08025254163544	0.115675774591857
CCDC174	441042	ENSG00000154781	3	14693041	14694833	7.66169243846304	7.44182941109363	12.3238479403736	8.98946960713114	31.6617788141039
CCDC83	126664	ENSG00000150676	11	85559533	85566329	0.00308090266698251	0.0018272132394089	0.00213031588415179	0.00391030011822447	0.00767554885122236
CCDC86	120431	ENSG00000110104	11	60602486	60611597	3.28685098785822	2.93498802696726	1.64030506890531	5.74677511925	0.00689498329305851
CCDC89	126613	ENSG00000179071	11	85395419	85397852	2.89062547697317e-06	6.11281425396746e-06	0.137475816432138	0.00538312536104339	1.31443528367605e-05
CCRN4L	539158	ENSG00000151014	4	139935712	139941193	6.39376213562689	2.87581671073484	0.388993504736784	3.39710585036936	0.636823123139358
CCT2	162300	ENSG00000166226	12	69977699	69979912	43.272957609038	61.4636969612153	43.6019769476115	116.82754214692	8.99124163693846
CCT5	558237	ENSG00000150753	5	10244080	10250361	95.2800191981592	96.6912946276659	34.6463538519863	112.935159992694	47.6679283064252
CD2	32347	ENSG00000116824	1	117292351	117299605	0.0183516321606997	1.34461631837224	57.8814088394328	0.63538310226707	0.0593913709333494
CD247	40087	ENSG00000198821	1	167485364	167489324	0.0551763798851841	0.0521064453820892	100.069004414506	0.426570510841082	0.2808810791556
CD44	112827	ENSG00000026508	11	35154929	35161467	209.759532904922	1.5410551958113	155.03466578858	58.8668932535497	193.321484030026
CD48	38077	ENSG00000117091	1	160680987	160683126	66.7172446424517	1.2238488736258	247.448503121145	12.4547720747698	55.4166581830443
CD5	120488	ENSG00000110448	11	60865719	60872205	0.0290088296844289	6.00499829845642e-05	39.4695698775215	0.000666369556718053	0.00733465079542781
CD6	120463	ENSG00000013725	11	60731770	60742356	0.185196342331632	0.107689489211233	58.7083809229984	0.0635056658327443	0.149034369232113
CDK13	673492	ENSG00000065883	7	39988554	39992006	9.89976715978325	10.6711450437728	21.6488263358146	10.2495504762658	32.16462932541
CEP120	593453	ENSG00000168944	5	122758590	122762386	5.67543892686087	4.81943502859132	19.7241247310311	8.48605178061421	9.97429881781043
CEP152	243799	ENSG00000103995	15	49098406	49103397	2.84048904885713	9.4012567192205	3.06627430188022	18.4498058731123	3.84857759232254
CEP44	550454	ENSG00000164118	4	175202395	175207393	3.66685174905878	15.0367425186466	7.4387661286054	11.5973758030942	5.06582327451685
CETP	270147	ENSG00000087237	16	56995565	57000215	0.0543174397803046	0.210839318468322	0.0028115305679024	0.0230769463946915	0.140790255192432
CGGBP1	463277	ENSG00000163320	3	88107822	88109968	27.3522864918746	40.5578780073192	44.785637305609	36.8510402906735	46.9433551999891
CHCHD7	723182	ENSG00000170791	8	57115873	57125721	19.1884378881468	16.4923511573818	30.5613913631916	14.2401273441164	11.3830562062347
CHRNA1	383183	ENSG00000138435	2	175628190	175631403	0.0063202463276863	0.00184122047406462	0.00273106125333751	0.00162186079285676	0.00791679890397857
CKLF	272937	ENSG00000217555	16	66582624	66593228	54.9298737384169	49.0980854191663	12.4793464297907	26.779156667846	343.720984874322
CKLF-CMTM1	272937	ENSG00000254788	16	66582624	66593228	0.0296750632580309	0.0411244150875538	0.0174670110862742	0.0240424045520962	0.645198358758645
COL28A1	663297	ENSG00000215018	7	7575276	7576938	0.123326326786987	0.286485326810657	0.339875102197594	0.149159190409473	1.39238598174013
COPB1	106233	ENSG00000129083	11	14518755	14522200	56.8998297343434	59.6499537909491	30.0536011427476	34.8653621786528	46.0580089594575
COPS2	243907	ENSG00000166200	15	49446927	49449453	25.9998044133033	28.0841878278863	34.6147102055467	28.7350849605822	18.0389976791042
CREB1	393533	ENSG00000118260	2	208392966	208398769	18.9350054420618	19.7821504866556	28.3680565326665	22.2371396588351	139.782263617977
CREBZF	126612	ENSG00000137504	11	85392089	85395418	11.4281368568774	18.3168861326463	38.8098368734268	18.172034540489	18.576500735489
CRYBG3	465380	ENSG00000080200	3	97540233	97541685					
CSGALNACT2	76003	ENSG00000169826	10	43629055	43634565	35.7426867612485	8.67116691383758	19.5875662936146	5.49159558809062	58.0792704438105
CSTF1	417398	ENSG00000101138	20	54962085	54967538	8.31895160309711	12.3317434623329	10.3705493126263	13.6707545762931	10.2219647225323
CTB-161M19.4	592035		5	118369840	118377605					
CTC-461F20.1	560145		5	16616413	16620113					
CTD-2186M15.3	564895		5	32173432	32178999					
CTD-2193P3.2	579846		5	80397960	80410989					
CTD-2256P15.1	558237		5	10244080	10250361					
CTD-2532N20.1	726306		8	66750768	66755209					
CYB5RL	12576	ENSG00000215883	1	54660143	54666826	1.25329888388578	1.83212416670433	1.29702118903881	3.05479915875875	0.0660792043340502
CYP27B1	158483	ENSG00000111012	12	58150540	58161744	3.24445560225558	0.317375300289102	0.125075480135083	0.312686980433367	0.0257457928951259
CYTIP	377753	ENSG00000115165	2	158344257	158346093	20.4401073121709	0.286529639968001	167.544458874483	3.3990937386925	652.934867386996
DAB1	13950	ENSG00000173406	1	59011571	59017381	0.017357946369055	0.0123478091781508	0.230218595122969	0.0249375357349817	0.0674650578575768
DDX10	134048	ENSG00000178105	11	108526968	108539820	5.19869930098387	4.15723437938968	8.35670108500684	6.24311245348126	0.391480817491128
DDX25	138982	ENSG00000109832	11	125770135	125773813	0.0127707812914928	0.00946021698138948	0.0185455574748387	0.0170542446807957	0.030959497020335
DIMT1	574072	ENSG00000086189	5	61698932	61700071	7.34894928630253	7.13855261303334	8.38532993013821	9.5736434486518	0.338135582035219
DLG2	126596	ENSG00000150672	11	85331493	85340505	0.270080607591323	0.583784604094748	1.30303022215783	0.468323186781956	0.524513533959
DMXL1	592035	ENSG00000172869	5	118369840	118377605	20.7817369753835	21.551168558683	15.5858740148312	18.9526516149269	12.6448347193798
DOK2	713671	ENSG00000147443	8	21771346	21772044	19.3981970568969	34.1146430545694	11.3613244131514	5.31303826000622	1.06264926315898
DUSP16	145246	ENSG00000111266	12	12712921	12725994	1.45642038213359	1.03653115176407	9.52627473173912	0.942056854292914	13.8952346728466
EML4	344220	ENSG00000143924	2	42396038	42398533	32.1269462982285	7.75276877257789	45.9714817447347	4.36210111612348	48.4644353780592
EPM2AIP1	448208	ENSG00000178567	3	37030826	37035493	5.31576720634825	8.80826108285576	7.59423944527214	7.6409645762779	8.0525902447546
ERMN	377696	ENSG00000136541	2	158183296	158184337	0.364590799616959	0.0314165655636815	4.94430417415808	0.25200505016068	9.00561984070979
FAIM3	52014	ENSG00000162894	1	207095325	207114941	9.83828114508207	0.0251712378165861	75.6562453111154	0.0807496903669814	5.63612198545839
FAM134B	560145	ENSG00000154153	5	16616413	16620113	5.57076787952841	0.00977634135546498	24.0080992498556	0.0547985715841065	1.67686809346322
FAM173B	558237	ENSG00000150756	5	10244080	10250361	5.75870981906315	6.99025269978847	4.22561047781679	7.52156214659708	2.68247290527751
FAM210A	301731	ENSG00000177150	18	13726551	13729803	5.72617323242326	4.45645396140746	3.067471915814	5.20981240629976	0.242874315213208
FAM228B	338984	ENSG00000219626	2	24295863	24302128	3.15099365384866	6.4411904394123	5.25806843780819	2.45116849758719	18.0822141083005
FAM3C	696511	ENSG00000196937	7	121034731	121038102	8.76561111076534	11.9808559758602	6.60424412866487	5.24782575358478	0.126901867153115
FAM71B	603554	ENSG00000170613	5	156572525	156611753	1.83895392072899e-07	1.67055464075047e-07	2.74737718904643e-05	2.54646039275089e-05	6.89154907169218e-07
FAM98B	240916	ENSG00000171262	15	38743763	38747422	1.97836784111124	6.66744486089096	7.05282850088654	6.00353731883264	0.334702216668707
FBXO36	400526	ENSG00000153832	2	230784553	230794215	0.40926042252199	0.274344875926307	0.761024624100198	0.328280402100332	0.226649668949631
FBXO8	550454	ENSG00000164117	4	175202395	175207393	8.1803697291947	8.9802109566845	7.65457679011609	8.8883714933784	9.82826603611373
FBXW2	781472	ENSG00000119402	9	123554868	123557043	19.7592181956402	16.3559221135373	19.253926080308	14.6643422340567	37.4593352800594
FKBP5	620619	ENSG00000096060	6	35694834	35706255	14.3731327428209	12.1623288305792	26.7604149679185	16.5792820839935	43.9057163019673
FYN	643601	ENSG00000010810	6	112186303	112201586	30.3297817715383	100.979753923124	150.540175011248	28.6281027395577	0.846719901650897
GALC	231254	ENSG00000054983	14	88458507	88460089	14.5690117941035	7.88600792610512	4.81838467469258	15.5097498483649	37.2247746004834
GALK2	243907	ENSG00000156958	15	49446927	49449453	15.0815950048507	16.5400829915051	9.07217913001207	7.97154916663673	7.92803407378552
GATA3	66615	ENSG00000107485	10	8081682	8103205	0.00662055928133427	0.0536187410197646	1.83166450159158	0.0288365629156007	0.0114074207680147
GATA3-AS1	66615	ENSG00000197308	10	8081682	8103205	0.000569451095625801	0.000524693315965606	0.0319282603227483	0.000536236023560926	0.0019901325231121
GATSL3	432446	ENSG00000239282	22	30683909	30689825	1.02138602073506	0.152977673543075	2.25745566506136	0.746762784868629	1.06843025884187
GBP4	23828	ENSG00000162654	1	89664459	89668112	1.01941463059463	1.73867275998124	13.8310351656331	0.664195562287487	18.4593092421938
GBP5	23855	ENSG00000154451	1	89735158	89741882	4.38858715715865	1.11734169093094	37.4164797412461	0.331259358054114	247.86329903864
GIMAP1	705129	ENSG00000213203	7	150405092	150414324	1.64303123141845	0.0490350485779391	19.7467958385401	0.246212535316471	0.263029585109572
GIMAP4	705088	ENSG00000133574	7	150259416	150265848	21.1842248365415	0.00972725740221769	92.3305425675401	0.149362931726196	174.601700128909
GIMAP5	705130	ENSG00000196329	7	150414325	150422464	3.57969600532903	0.0546259286023167	151.913494265286	0.256259378198513	0.19887807436786
GKN2	352482	ENSG00000183607	2	69179864	69180629	0.000882911150642426	7.14659132673425e-05	8.45508433720113e-05	0.144323762661441	0.0378261715103388
GLB1L2	141541	ENSG00000149328	11	134198546	134204436	0.0563185059318351	0.0614894318078035	0.179618722529409	0.0918865007224924	0.0268651471748134
GNB3	143544	ENSG00000111664	12	6943615	6956171	0.016459076240337	0.0637920550025711	0.161875236935072	0.0677503162489961	0.147744871545743
GOLPH3	564895	ENSG00000113384	5	32173432	32178999	26.8271983755794	21.8279234104093	14.7775995777179	19.6267581839883	37.4255835796302
GPR18	205880	ENSG00000125245	13	99912404	99916440	0.0362368270012279	0.00323989844827926	7.10741597292476	0.0533862983390156	0.173027124963697
GPR98	582942	ENSG00000164199	5	89822079	89826498	0.0600255560389924	0.0580955258330743	0.0246868390870198	0.117244808320635	0.103648219384727
H2AFJ	145891	ENSG00000246705	12	14925728	14930920	18.0722351912614	18.6639410060773	4.52330871282233	20.2829138354026	4.16436859526566
HADH	529054	ENSG00000138796	4	108903076	108915021	5.29957557758271	11.388188333926	5.84028730774766	10.3681525044351	0.130572653347293
HAPLN3	255120	ENSG00000140511	15	89426819	89446656	0.101942341877343	0.169671687455918	23.0021167007537	0.0297083790118453	0.0120965095655746
HAVCR2	603553	ENSG00000135077	5	156563348	156572524	91.3235792448833	0.474955755250908	1.47477969182572	1.8120265297367	0.625981937444981
HHLA3	17565	ENSG00000197568	1	70819945	70824643	0.623658580619975	0.647947485942411	0.609714618178143	0.947097578646032	0.0543041814840519
HIVEP2	653592	ENSG00000010818	6	143265169	143271164	0.369579286216342	2.89048229959611	25.7720672878358	1.11855799203796	30.2176859556101
HMGB2	550138	ENSG00000164104	4	174251764	174256710	18.4723211906067	216.279893884421	36.145094544958	428.644904892295	161.50820592704
HMGN1	427601	ENSG00000205581	21	40719555	40731084	55.3778124050095	204.3689026764	81.7397150569842	79.58485800193	30.3176123465455
HOOK1	14333	ENSG00000134709	1	60275891	60282193	0.0363310254634078	0.443707984218684	7.95859512274418	0.52072937740112	0.123485719371429
HUS1	675652	ENSG00000136273	7	48018389	48019717	13.3130845020259	6.38941921044118	18.744609957616	8.46097020638634	5.1340697402286
ID2	334447	ENSG00000115738	2	8815511	8821098	133.523184114169	44.4386701870762	20.0882736065878	77.847660671347	41.5809901352441
IGJ	516868	ENSG00000132465	4	71547479	71549151	0.0380372084338864	0.00713982776031975	15.9229265519542	0.530435903332956	0.0350804031457186
IGSF9B	141400	ENSG00000080854	11	133825146	133827748	0.00218321174952466	0.0020457449178805	1.47129926941204	0.0102952654821429	0.00607740851423824
IL19	51975	ENSG00000142224	1	206971832	206976797	0.0199446759661326	0.000390696326047863	0.00861297916808302	0.0105395424107485	0.00323836898212313
IL21R	265298	ENSG00000103522	16	27412699	27415044	1.31531039097213	23.8615896985119	8.7413312251757	3.04823839591476	0.0555094157557249
IL7R	566057	ENSG00000168685	5	35852048	35853270	1.68498524032819	0.170630827554692	322.295875663118	2.20787242596186	0.191130104951119
ILK	103862	ENSG00000166333	11	6621582	6625416	46.1658141619883	157.383689675767	10.7130887563057	29.6954503928502	71.2971212953311
ING4	143510	ENSG00000111653	12	6754441	6771398	12.3310799967394	20.160126282717	19.8250242785276	8.00141858150891	33.6344778164331
IPO11	574072	ENSG00000086200	5	61698932	61700071	5.13152509419033	4.41925018607997	7.46396102769991	16.6370784930694	2.78283127049454
ISM1	407202	ENSG00000101230	20	13195287	13204250	0.0397486513044425	2.89339003986603e-05	2.50030566940525	2.87849996685436e-05	0.000110631524648078
ITK	603553	ENSG00000113263	5	156563348	156572524	0.393792082680068	0.0228119682053041	158.455491342351	0.105619987362779	0.133207027638331
KANSL1	288406	ENSG00000120071	17	44267321	44281061	17.5628661136535	25.5220650444844	67.3160533352509	36.8746325051633	188.677424685091
KANSL1-AS1	288406	ENSG00000214401	17	44267321	44281061	4.04442064434889	0.551428207183899	7.22585085282892	2.87740500676048	6.43566906989256
KIAA0922	543717	ENSG00000121210	4	154380269	154389062	4.20572797094536	5.17534864143216	39.6529359565174	14.0345037148211	50.043380425324
KIAA0947	556754	ENSG00000164151	5	5420703	5423309	7.70969798865951	7.33404134596747	16.2795951472829	9.87872889023629	8.55236462644706
KLLN	89278	ENSG00000227268	10	89620815	89627996	0.0752278506389004	0.0896549714817962	0.0977063470028913	0.167384594815808	4.45201057705276
KRR1	164312	ENSG00000111615	12	75902102	75907315	13.1627182678113	18.4094362691889	38.2537365147697	17.539120596345	3.72330428802566
LACTB2	727777	ENSG00000147592	8	71578492	71586845	17.0104507354047	10.3354187214314	3.40363845126125	8.6885307266607	1.38707447897192
LEF1	529120	ENSG00000138795	4	109084351	109092513	0.0743120341416127	1.1738794588528	277.802031237111	2.70696707771083	0.161307298331458
LEF1-AS1	529120	ENSG00000232021	4	109084351	109092513	0.0112819295902988	0.211709274367018	15.1502001359547	0.182554019709299	0.0398454561105252
LPAR5	143506	ENSG00000184574	12	6711205	6741803	0.100543096962447	7.11909094166833	0.601174292194865	2.99988468215805	0.0114054653777785
LPIN3	413487	ENSG00000132793	20	39963284	39976234	0.205244762716203	0.34273502937721	0.113242639757151	0.284254404487914	0.00561929109776722
LRRC40	17508	ENSG00000066557	1	70666282	70674746	5.46561578485952	5.37239268183499	5.94751652793029	8.1918425541525	0.658709527487624
LYSMD3	582942	ENSG00000176018	5	89822079	89826498	2.82095176152325	3.60682556471723	4.05662457422546	2.97117901458462	11.1241813383429
MAN1C1	5561	ENSG00000117643	1	25938885	25949721	1.88605662924701	0.186924598604546	16.7917885840701	0.432192602337078	0.0795564589704281
MBD5	374631	ENSG00000204406	2	148777364	148780994	4.93892218657193	11.2807384257975	14.279429314784	9.23244442886406	33.5930368608488
MBNL1	482208	ENSG00000152601	3	151958404	151962014	86.6055117721193	137.164377249494	241.81397740669	101.070556145479	244.471866726186
MBNL1-AS1	482217	ENSG00000229619	3	151979492	151989579	1.12303359155918	1.72226113446727	0.424566615810671	0.420208756731437	1.23453094327805
MCM9	645870	ENSG00000111877	6	119214311	119223798	7.84805026091882	7.28990154571544	12.7716291998612	7.35708539833367	17.4629530140044
MED10	557065	ENSG00000133398	5	6377011	6383040	10.0360429121474	7.55278755126657	18.9045000604687	8.93587299247791	8.24348655995672
MED7	603553	ENSG00000155868	5	156563348	156572524	7.0251789070735	4.62376838580515	5.13607280729388	6.04474227439171	7.87106277747673
METTL1	158484	ENSG00000037897	12	58161745	58167698	9.16126012678014	1.84388736344913	2.05773577953882	4.89769089755508	0.0626652423429433
METTL21B	158484	ENSG00000123427	12	58161745	58167698	3.76134194203493	1.97417852254277	0.451806457221621	0.810946129910187	0.0175724055025261
METTL4	298431	ENSG00000101574	18	2571258	2573443	2.41083197149441	5.02818980964006	7.11269518895106	7.19422663885124	7.66586956494206
MFGE8	255120	ENSG00000140545	15	89426819	89446656	1.52523736749168	5.36065788455828	9.7546343707918	4.44515104225614	0.257578754680349
MGAT4A	359761	ENSG00000071073	2	99345539	99349585	10.0589623721249	0.101795101712872	107.931038650455	3.44706742781917	33.2830683329801
MGST3	39497	ENSG00000143198	1	165595523	165601808	130.910953626434	20.4813907833167	13.4335961171265	97.5728080590304	2.65775507370784
MINA	465441	ENSG00000170854	3	97690466	97694431	5.46007706604151	1.95220735092236	12.7038169069188	3.92707097351961	0.117935896994842
MIOS	663309	ENSG00000164654	7	7606018	7619389	13.0229318667092	8.83958597849199	10.9079021249057	8.79856683576235	3.72701097921488
MIR1343	112755	ENSG00000251862	11	34950224	34965508	4.89070616274666e-05	4.24467605835863e-05	4.83392712727949e-05	3.31664693626187e-05	0.000199686075326239
MIR365A	262006	ENSG00000199130	16	14400649	14405187	4.16916423102818e-05	3.3817010050772e-05	4.03932644739776e-05	3.46460737183206e-05	0.000153102984419721
MIR3913-1	162300	ENSG00000264405	12	69977699	69979912	2.97641312089798e-05	2.58889766249803e-05	2.86775776287551e-05	3.76933771501888e-05	0.000108367623389368
MIR4781	12540	ENSG00000264208	1	54517645	54534602	5.67778159117805e-05	4.39913899510059e-05	6.7207127112459e-05	5.11301532634803e-05	0.00015144041152582
MIR623	205911	ENSG00000207719	13	100004875	100009215	3.38645404420033e-05	2.89800384935492e-05	3.56380201647435e-05	3.0707576221691e-05	0.000112758452081423
MIR635	294321	ENSG00000207561	17	66419009	66424890	3.2038700842532e-05	3.59881817020677e-05	3.48881350023779e-05	2.39448772299514e-05	0.00012287135805544
MKKS	406283	ENSG00000125863	20	10411365	10415968	7.8830738028759	9.9996828138287	3.85625398540018	7.88497341366706	4.04773350034434
MLH1	448208	ENSG00000076242	3	37030826	37035493	13.8956863837919	17.1544344243579	12.0371023482122	26.5009040803178	6.39500330643862
MON2	160028	ENSG00000061987	12	62859357	62860657	15.3693478491896	16.0802215323047	30.0124183845623	15.7989557906354	47.4870660670641
MRPL3	475727	ENSG00000114686	3	131221115	131222602	25.3947895061544	20.7301682058272	22.0544907251689	32.6966899709147	1.39914170482642
MRPL32	674388	ENSG00000106591	7	42966660	42972073	19.0045084460029	17.5846560632945	24.5348607058843	14.9151704895955	1.44174355124499
MRPL37	12576	ENSG00000116221	1	54660143	54666826	24.6227741519866	18.7626846910968	6.77552085083063	42.5401718141558	0.422812312076717
MRPS30	569080	ENSG00000112996	5	44807482	44814735	15.4083500109896	16.8211446847307	20.3890398080795	16.1358555511219	1.12900397864926
MTDH	736360	ENSG00000147649	8	98655627	98659128	53.0545527890361	59.097386820968	33.6320251388404	38.8869550509165	13.9348129496045
MYCBP2	199190	ENSG00000005810	13	77889288	77902433	19.0430844644855	36.7089296633012	47.5166412676651	12.4361039212731	34.0364383308209
N4BP1	267722	ENSG00000102921	16	48642231	48648790	18.3594526192852	9.14630562148276	24.4334963515541	11.919000991042	244.551507675028
NAP1L1	164486	ENSG00000187109	12	76477332	76482479	95.8403187169513	306.919871062243	211.194601866695	126.870115260958	16.3140820836564
NAT14	331344	ENSG00000090971	19	55988388	56009842	0.631315476251652	2.18294097896736	0.641523663503778	5.05652176468195	1.64557866586598
NDC80	298431	ENSG00000080986	18	2571258	2573443	0.668863137236022	16.7707009677593	1.78520274633448	30.7302910914959	3.68741077032135
NDUFAF4	638944	ENSG00000123545	6	97339125	97347741	10.3478146114197	6.78370473543256	10.8464191381382	11.4297413516497	0.0379385196414433
NDUFAF4P1	243907	ENSG00000259467	15	49446927	49449453	0.0482353352991998	0.0916904887818228	0.153739255473315	0.344125572682291	0.0950621961698429
NIPAL3	5301	ENSG00000001461	1	24742131	24742860	5.43901761929672	10.8944851015092	20.6597268450098	5.62195151700475	1.52360321591016
NKD1	268210	ENSG00000140807	16	50581900	50587095	0.0278997781966402	0.0913375501508786	1.16483723773917	0.0135387254063817	0.0202744161385849
NLE1	286027	ENSG00000073536	17	33467178	33470942	1.54653768704286	2.0522218603449	4.30856000259	3.21543884838214	0.0192297189696953
NOA1	512570	ENSG00000084092	4	57844956	57846248	5.1428411624501	3.9439524243414	5.00407455794115	5.67274909048465	3.50984375939516
NSUN6	69666	ENSG00000241058	10	18939894	18942895	2.45907507434629	7.81225280712443	10.2907969122907	5.55689138588918	2.77667971381169
OMA1	13950	ENSG00000162600	1	59011571	59017381	8.17232057228529	5.93090435954467	29.5317953724544	9.22515367799094	22.0622993002567
OR2T1	64237	ENSG00000175143	1	248568101	248573803	4.11363884157629e-07	5.17042914320858e-07	3.89074494987801e-07	4.01380431919059e-07	1.70883319540362e-06
ORC4	374631	ENSG00000115947	2	148777364	148780994	13.0716198947042	16.3396288319982	19.3592916366333	21.3142070633163	26.3632677015839
OTUD4	541126	ENSG00000164164	4	146099479	146103462	15.3193764206694	8.82186566129292	18.8984279652068	13.015537663386	10.2780320739721
PAICS	512410	ENSG00000128050	4	57301054	57308816	8.05456950682993	28.676368141503	10.1420230709397	53.9541088236119	1.18856233162264
PAPD7	557143	ENSG00000112941	5	6709325	6718684	8.1778569238425	11.4347089417783	12.7562327100137	7.55726119415803	7.63583018097357
PDCD4	96081	ENSG00000150593	10	112631371	112633138	49.2974770516797	31.2139998466409	111.516910397921	61.8426866581685	204.044934711001
PDCD4-AS1	96081	ENSG00000203497	10	112631371	112633138	0.885450406962488	0.919761428459388	4.59473573239854	0.552196371027924	19.2798723122402
PDE4D	572955	ENSG00000113448	5	58332508	58336968	3.1310492815461	9.34947358401296	19.4668154119588	2.99965969924385	7.10045256449623
PDE7A	726306	ENSG00000205268	8	66750768	66755209	6.29223090112245	12.0018008241406	117.658633119463	9.71619274314653	47.7347101424317
PEX12	286162	ENSG00000108733	17	33903398	33906837	0.742122535850017	0.854629008162521	0.776066109061623	1.05082266581067	1.38445775738514
PHF3	628530	ENSG00000118482	6	64344687	64347716	16.7108077723561	26.0964695929215	53.9183029248006	33.6032856250649	93.5923649592704
PIGR	52014	ENSG00000162896	1	207095325	207114941	0.175334900003361	0.0154744248712534	0.0201550579371458	0.0301639990133472	0.0762113043299417
PLAA	759038	ENSG00000137055	9	26944689	26947689	12.7173023990243	17.4300670651092	7.71596255525857	18.5302373402709	19.2922705005745
PLAG1	723182	ENSG00000181690	8	57115873	57125721	0.354672755895937	6.53228435785991	6.73867785787873	3.76726339761752	0.278045310603133
PLCG1	413423	ENSG00000124181	20	39765141	39773243	2.27689438889387	1.6270686808676	82.7725299256358	3.66632151947965	0.27247342548467
POLR2B	512569	ENSG00000047315	4	57830884	57844955	35.4269919984826	33.375431335284	34.2455795505824	32.2140872349911	46.9742138287022
POP4	326258	ENSG00000105171	19	30096616	30097632	38.3475728990512	20.4699244153608	15.3626423690952	23.9468992695	16.2963350305518
PPAT	512410	ENSG00000128059	4	57301054	57308816	2.51753306012669	4.32294424023798	3.68507173482758	10.4247610717854	0.147903043165022
PSIP1	755407	ENSG00000164985	9	15508969	15512209	6.2331982945603	37.1186686268253	80.6119976104119	34.383398586068	58.2614265863111
PSMA2	674388	ENSG00000106588	7	42966660	42972073	59.5234365467707	77.9751386433126	26.0714277422249	66.7903660042656	13.9003490601958
PSMD5	781483	ENSG00000095261	9	123595808	123606549	9.08104265101665	9.44592445497197	7.92249548084267	10.3175244112757	6.95297627704143
PSMD5-AS1	781483	ENSG00000226752	9	123595808	123606549	5.1854669957933	8.84993434670174	25.6223173234637	9.99308994508938	15.1067262993099
PTEN	89278	ENSG00000171862	10	89620815	89627996	36.6863841485436	31.3215609050643	45.8829570567474	37.8690383692619	875.934806489534
PUS3	138982	ENSG00000110060	11	125770135	125773813	2.57862323469457	1.90884759622686	2.63526465996025	2.61984157568412	1.00622510513743
RABGGTA	211688	ENSG00000100949	14	24738538	24741467	12.761061445901	3.71738342544558	7.7363982905631	3.54509106748552	8.49240017378633
RANBP9	614519	ENSG00000010017	6	13710155	13719139	12.1877621856496	45.7299467796356	19.0602972227396	17.949259285456	36.6653840083793
RASGRP1	240953	ENSG00000172575	15	38855995	38859102	2.5342066566221	0.50129461702934	54.910453606321	0.0477796170798631	0.427428283650844
RBM26	199869	ENSG00000139746	13	79974094	79981903	12.8896058388374	15.6765616320721	43.0166604148677	14.4596765611521	23.8817147983593
RBM26-AS1	199869	ENSG00000227354	13	79974094	79981903	0.102812746533857	0.440910094003187	0.888371175551405	0.246860309393536	4.46858049585891e-06
RBM43	375733	ENSG00000184898	2	152113602	152121635	2.3601858094623	1.44082140899799	4.84998805549664	1.95759924730749	2.41729001679609
REST	512547	ENSG00000084093	4	57773611	57776053	13.5211650285105	15.1511540990216	19.1544007262274	13.5120090414653	24.298358805771
RIPK3	211704	ENSG00000129465	14	24805899	24807043	9.73941678621978	1.04773969653042	5.08264854149503	0.89355476700187	43.971184581013
RMND1	656144	ENSG00000155906	6	151766799	151774881	6.97168006220787	4.81349472266434	4.13080061692283	5.56284044184943	0.967522756283208
RN7SL374P	43821	ENSG00000263633	1	179327211	179337053	0.000291037727555665	3.30963286120276e-06	0.000515682775427812	2.60675044816634e-06	0.0288716854864416
RNASEH2B	190649	ENSG00000136104	13	51480163	51488473	13.0149975312465	18.3991912014742	25.4697122713853	29.4852119742111	7.68356087207475
RNASEH2B-AS1	190649	ENSG00000233672	13	51480163	51488473	0.0804764839282121	0.0150609502730724	0.149425773490649	0.0152072779784783	0.143027708025277
RNMT	301731	ENSG00000101654	18	13726551	13729803	11.4987961670223	9.11304321115276	25.9704990569755	9.98454950474485	6.14787079211335
RNU4-20P	159084	ENSG00000202471	12	59979969	59982627	1.2040021674165e-05	1.58320642285153e-05	1.37747960638399e-05	7.63241574519052e-06	4.33740885294327e-05
RNU4-83P	737301	ENSG00000222795	8	101843073	101844844	1.76479294040809e-05	1.30915973207004e-05	2.02850781677503e-05	1.18621707333237e-05	7.07709027842293e-05
RNU6-933P	120466	ENSG00000207153	11	60752631	60766948	2.77972262366577e-05	2.79023411782234e-05	3.13019156993878e-05	2.51511697553907e-05	7.63661371711638e-05
RNU7-46P	359788	ENSG00000238830	2	99455664	99460259	7.41042515667453e-05	7.88494705315789e-05	7.89559853809588e-05	3.07343034376601e-05	0.000256422509057708
RP1-1J6.2	413423		20	39765141	39773243					
RP11-158H5.7	306746		18	32868637	32871089					
RP11-158N24.1	145246		12	12712921	12725994					
RP11-159G9.5	463277		3	88107822	88109968					
RP11-266N13.2	572955		5	58332508	58336968					
RP11-27I1.4	781472	ENSG00000214654	9	123554868	123557043	1.52655993158616	2.38692686308365	2.12999816274976	2.44213791086273	0.923000656096911
RP11-293A21.1	503986		4	26860866	26864210					
RP11-310H4.1	677974		7	55640460	55641353					
RP11-313D6.3	96080		10	112622717	112631370					
RP11-350N15.3	718430		8	38252730	38261326					
RP11-351D16.3	76003		10	43629055	43634565					
RP11-363D14.1	359191		2	97196241	97199226					
RP11-379F12.3	66615		10	8081682	8103205					
RP11-379F12.4	66615		10	8081682	8103205					
RP11-393M11.2	512418		4	57329893	57335405					
RP11-401P9.6	268224		16	50645927	50648567					
RP11-446E24.4	12576	ENSG00000256407	1	54660143	54666826	0.00769722053650953	0.0202073955321457	0.00631361884169284	0.0160078484105501	0.000285149921257531
RP11-44N11.2	744415		8	123792637	123806030					
RP11-44N11.3	744415		8	123792637	123806030					
RP11-467D6.1	673492		7	39988554	39992006					
RP11-485O10.3	243799		15	49098406	49103397					
RP11-53O19.1	569080		5	44807482	44814735					
RP11-571M6.15	158484	ENSG00000257921	12	58161745	58167698	0.297529742390394	0.0381681978879365	0.0027316211782848	0.138635561126519	0.0082586743818162
RP11-646I6.5	512394		4	57252367	57255776					
RP11-691N7.6	119514	ENSG00000254732	11	57508923	57520073	0.000980043340429146	5.19521930788064e-05	2.63464699988864e-05	0.000179920377645618	1.40230274430331e-05
RP11-692D12.1	517655		4	74119805	74128240					
RP11-732A19.2	103865		11	6628173	6634338					
RP11-732A19.8	103863		11	6625417	6626631					
RP11-745C15.2	677746		7	54824893	54827314					
RP11-77I22.2	151012		12	30906902	30909795					
RP11-798M19.3	550137		4	174250436	174251763					
RP11-799D4.4	286060		17	33568746	33574807					
RP11-79C6.3	566096		5	35933668	35939093					
RP11-804A23.2	120431		11	60602486	60611597					
RP11-902B17.1	223312		14	61787400	61792850					
RP11-91G21.1	479175		3	142719635	142721530					
RP11-934B9.3	211704	ENSG00000258973	14	24805899	24807043	0.00402280002297324	0.000781759591219451	0.00182116520934008	0.00495357296658231	1.16833579380092
RP3-510O8.4	620619		6	35694834	35706255					
RP3-512E2.2	636813		6	90646351	90662630					
RP4-607I7.1	112827		11	35154929	35161467					
RP4-620F22.2	23851		1	89723555	89726530					
RP4-761J14.8	143511		12	6771399	6776625					
RP5-1159O4.1	663309		7	7606018	7619389					
RP5-991C6.2	634233		6	82473430	82476419					
RPS7	332891	ENSG00000171863	2	3621510	3627137	378.260211409933	419.988238455201	984.582301814618	529.463298242038	72.7898084850651
RQCD1	397102	ENSG00000144580	2	219431826	219434399	16.2665924205865	24.1450657038264	15.2010004104312	21.5883506759941	7.84017340471171
RRH	529678	ENSG00000180245	4	110748978	110753870	0.00391221294036162	0.000253233148134684	0.0410453076475502	0.0309653589867808	0.000529849086907521
RRP8	103862	ENSG00000132275	11	6621582	6625416	6.95698919066848	10.0080860762684	8.43610949615756	9.1579636832331	5.13834746800449
SATB1	442202	ENSG00000182568	3	18484341	18492607	6.56044953010629	21.6441824039925	156.079031658851	10.9398692858846	30.802106944314
SCARNA16	27596		1	101596382	101602313					
SEC24B	529551	ENSG00000138802	4	110354879	110355818	8.95370442386969	6.98841217559046	10.9076976036582	6.62823694916623	22.9334691991933
SEC24B-AS1	529551	ENSG00000247950	4	110354879	110355818	0.563802163841645	0.596963229592083	1.24680515646516	0.26847092669773	0.408724515924152
SEC61G	677746	ENSG00000132432	7	54824893	54827314	44.8824474625001	81.5696051935678	28.9153831422489	45.6764957156052	5.83030305287764
SEL1L	229147	ENSG00000071537	14	81996707	82007785	53.5318791691584	15.8751242873715	12.5110529820315	29.5541403867751	102.092745152316
SERINC5	579602	ENSG00000164300	5	79543117	79552393	11.5857411005681	1.2409535059597	36.1884042221693	7.48172850351717	16.2630779274535
SESTD1	384633	ENSG00000187231	2	179985855	179990710	20.0088923693044	29.3658775831837	1.62542385751216	5.343302185506	14.7363522111741
SF3B14	338984		2	24295863	24302128					
SLC16A7	159085	ENSG00000118596	12	59982628	59994269	2.23146403422909	11.7565442211588	16.9400390118189	6.1978586207891	0.217060679901493
SLFN5	286060	ENSG00000166750	17	33568746	33574807	7.20274604725446	0.191518035853669	54.0355002263043	0.322296725064903	0.824498777778224
SLIRP	227938	ENSG00000119705	14	78173239	78174605	61.1161552323731	42.5894558426345	20.4026285320927	70.5875546100189	12.4295051640939
SLX4IP	406283	ENSG00000149346	20	10411365	10415968	1.66207679927683	2.87824300577149	1.65365996521486	1.58590361447041	3.13953579205372
SMCHD1	298456	ENSG00000101596	18	2655350	2658797	28.623304756781	33.6331898936078	193.731851111258	33.7960471913497	2061.63476743728
SMPD1	103804	ENSG00000166311	11	6410655	6418631	14.5204566680886	10.1607274656868	12.4190768017709	3.70995166654353	8.93340285091325
SNORA67	613928	ENSG00000264772	6	11709651	11710783					
SNRK	450041	ENSG00000163788	3	43325993	43333809	10.2839229093894	20.5813784287317	62.4328289602095	10.0114941572711	243.827660509362
SNTB1	743762	ENSG00000172164	8	121825407	121828120	12.3102991052899	5.84880114174577	7.94043049388065	3.03100379048908	5.39113892722294
SPAG16	395493	ENSG00000144451	2	214147251	214150607	0.910991520082103	2.62547904801099	4.67424425113838	3.27893557086074	0.148214177644676
SPINK2	512524	ENSG00000128040	4	57680635	57690779	0.0040747993924413	0.0253910983225248	1.02969072705945	0.283160713203012	0.00915179287280554
SRP72	512418	ENSG00000174780	4	57329893	57335405	31.9191707490931	29.9519183383402	25.4983180754139	42.6080775286105	7.12159362057867
SS18	303696	ENSG00000141380	18	23668188	23673081	20.1021057042514	23.1148062146769	21.5188380991794	21.6502899863753	7.97108537708548
SSC5D	331344	ENSG00000179954	19	55988388	56009842	0.0311575822878452	0.0173818284667082	0.0137174880821493	0.0505220122591756	0.0782907767625136
STIM2	503984	ENSG00000109689	4	26857281	26860036	8.77572661439887	6.32097440242725	24.8569214307737	8.83785189350752	22.8466505761273
STK17A	674605	ENSG00000164543	7	43620342	43626078	9.48262031011171	20.6901975652654	35.6408068830361	58.8981009762907	64.9964787221477
STPG1	5301	ENSG00000001460	1	24742131	24742860	1.17140971052838	0.923367197828569	1.2192915333054	0.867562996502219	0.360612025795829
SYTL2	126651	ENSG00000137501	11	85517726	85525349	1.27939298841624	0.7606707827228	17.5848676951115	5.24030052427176	4.66708560402295
TAF10	103865	ENSG00000166337	11	6628173	6634338	64.2227753693624	50.6059946459729	32.140679184925	30.5179137922377	120.434317760474
TBC1D2	774744	ENSG00000095383	9	101008333	101024861	29.5405863581531	0.259454405595853	1.15008415408399	1.0293842919001	10.0970334850311
TBC1D5	442202	ENSG00000131374	3	18484341	18492607	26.2261298856597	20.7731240980233	16.0292670536743	18.218796732937	36.2532936969969
TCEANC2	12540	ENSG00000116205	1	54517645	54534602	2.37504451886122	2.28576106872121	3.45797702132422	1.96791350833725	6.07500324567652
TIAL1	98676	ENSG00000151923	10	121355184	121361301	12.7569006004598	28.7851618416065	35.1025487628648	30.9081174066506	40.3204509996799
TIMM10B	103831	ENSG00000132286	11	6501118	6503638	17.2991977317135	22.145331509412	12.8437844272769	13.5384508575948	9.51674705894197
TK2	272937	ENSG00000166548	16	66582624	66593228	14.7927686979022	6.82000387843396	2.01891324105584	2.90405735946291	22.1083629742156
TMEM126A	126602	ENSG00000171202	11	85358932	85361117	23.3306360481126	13.2839965066544	10.331435546525	16.7297546337624	0.576451678096294
TMEM126B	126596	ENSG00000171204	11	85331493	85340505	26.0268438161012	17.8333453763067	14.8306908866554	22.1631023239505	7.80589961899865
TMEM140	700634	ENSG00000146859	7	134832273	134838721	20.4255545965175	12.0108455871945	5.71706174324923	18.0683872168605	209.258181801243
TMEM14E	482250	ENSG00000221962	3	152056273	152063948	0.000875819644533437	2.96905040334698e-05	2.3526749493559e-05	0.0172684152993155	0.0253625242076878
TMEM243	686278	ENSG00000135185	7	86845192	86851006	24.2475120302151	0.503576172235766	56.4451145523453	2.83796954817022	8.09013700758301
TMEM245	778093	ENSG00000106771	9	111881085	111886361	9.88451128587229	10.303497223557	17.0617862771926	35.863815006631	0.335004541413245
TMEM246	775772	ENSG00000165152	9	104295583	104296013	0.00311248177241409	1.38486136968672	0.00533495404659166	0.361326914050504	0.0461193526742931
TMEM30B	223302	ENSG00000182107	14	61738065	61750763	0.00225305249467033	0.00147951153027847	1.4478589328636	0.000625154867231745	0.00380219440061645
TMEM59	12540	ENSG00000116209	1	54517645	54534602	104.770045360385	55.4286554937822	40.2176615894069	47.9219597208735	178.748835407724
TMX3	317084	ENSG00000166479	18	66381885	66382825	22.6606416356769	22.3006696509817	24.161005538273	15.4554833327705	11.2886936892419
TP53I3	338987	ENSG00000115129	2	24303775	24318769	14.8722460263568	7.42436164464195	0.0561829818027516	6.91341584110866	2.36940184633529
TRA2B	492810	ENSG00000136527	3	185653522	185661160	68.0389735948758	119.901036560812	152.372776005696	94.6039139280545	112.966701119007
TRABD2A	357208	ENSG00000186854	2	85134085	85145948	1.05309532895157	0.0454549618457947	118.563358925221	0.0627716869853346	0.205349112142341
TRIM14	774709	ENSG00000106785	9	100880021	100884883	7.77274127276231	0.558318908381498	10.7203359327525	1.13227892391586	3.1159183478033
TRIM33	31651	ENSG00000197323	1	115051914	115054660	20.2452935399937	18.0862149031484	19.3846931580247	21.5773434242372	75.5503113036413
TRIP12	400526	ENSG00000153827	2	230784553	230794215	71.1173039551241	80.2216456124127	58.237311603113	58.7786591058241	185.815551574671
TTC39B	755359	ENSG00000155158	9	15305051	15307455	12.7646783013894	14.7877140935361	22.2459226951135	1.30882377035653	0.962951264456373
TTC39C	303059	ENSG00000168234	18	21571428	21572989	8.82625393868114	2.08949980003773	42.8264110192884	2.1864491792853	1.23525370809432
U2SURP	479175	ENSG00000163714	3	142719635	142721530	29.0883706380883	39.0870042859537	62.8720206596348	54.1062036129302	30.2749378860804
UBALD2	296376	ENSG00000185262	17	74260472	74262781	11.4154586626658	16.5502858549094	29.1487634647364	17.187009702994	157.354794749786
UBLCP1	604222	ENSG00000164332	5	158689921	158690994	9.36970669506259	3.64619214057567	6.60426063929583	9.96524808160247	30.1670490539784
UPP1	675686	ENSG00000183696	7	48126862	48130341	45.3976906789044	1.42985500001617	24.510276832752	0.975040616063074	35.551475714758
USP37	397102	ENSG00000135913	2	219431826	219434399	3.88529107703534	9.37584505699733	7.20534954255897	7.33270037634615	3.03649692444827
VAMP1	143478	ENSG00000139190	12	6575196	6580413	0.864767032796356	2.37968162376344	9.44844324694455	2.5733378965781	12.0042438061383
VOPP1	677974	ENSG00000154978	7	55640460	55641353	43.4545309774903	10.7110584439246	30.898727201401	10.2273330663404	53.2098268716763
WBP11	145896	ENSG00000084463	12	14955938	14958094	13.6886772830905	19.0361545212011	20.5666584383343	20.0108344354586	17.5113174028377
WDR64	62284	ENSG00000162843	1	241814345	241816107	0.0115115893147111	0.0103689453964354	0.123986184756526	0.0083283397586677	0.0200791926670415
WIPF1	383161	ENSG00000115935	2	175544373	175551192	28.3844752269043	57.020263645277	62.3138518494627	8.11885268020074	449.93434240452
XKR9	727777	ENSG00000221947	8	71578492	71586845	0.578490623875703	0.810245692858317	1.26263996850173	0.610762775492425	4.72680849405398
ZBTB2	656128	ENSG00000181472	6	151710012	151713914	5.68570182121172	3.8704471404699	7.63928293548843	4.98158866225269	11.0819310881324
ZC3H12D	655632	ENSG00000178199	6	149780240	149810877	1.88766218926913	0.137178818535685	16.7656766866763	0.303690814908267	0.295721148769329
ZCWPW2	445496	ENSG00000206559	3	28387145	28394374	0.23243496397926	0.294094453511408	0.336334229480836	0.125160777099588	0.178344986771712
ZFP36L1	225534	ENSG00000185650	14	69257982	69263908	17.8499693869204	4.54852667973206	8.91147696095409	6.02934781786595	459.482872252526
ZFR	564970	ENSG00000056097	5	32439264	32446775	23.9178785950165	26.3881938429117	24.5057734831419	18.7687611842853	21.8205074818237
ZHX2	744415	ENSG00000178764	8	123792637	123806030	1.30326338543912	0.600224240476641	8.19233320707851	1.24058351885232	13.8276108658877
ZMYND8	415018	ENSG00000101040	20	45985105	45987938	7.58404571840847	44.052555920857	13.5357758361978	30.0649141392064	11.8501465877622
ZNF133	408749	ENSG00000125846	20	18268774	18269624	2.22158808380333	3.06533452566971	3.22543795865897	2.9858332351585	0.476142456677459
ZNF24	306765	ENSG00000172466	18	32922178	32924718	14.0940369023809	29.090743783601	24.1596767195113	15.6538023423539	50.5807802080575
ZNF271	306746	ENSG00000257267	18	32868637	32871089	5.64541671700987	9.68188590498001	5.85741712142678	5.0653530982589	5.16745834749203
ZNF622	560100	ENSG00000173545	5	16463414	16467624	18.635274024452	10.5573261480656	11.1287710584685	8.71563769706181	19.2830950745071
ZSCAN30	306746	ENSG00000186814	18	32868637	32871089	2.20702182326229	9.67153182748101	5.6525258149822	2.18408908884991	2.42405997292935
