baitName	baitID	ENSEMBL_GENEID	baitChr	baitStart	baitEnd	MacMon	MK	nCD4	Ery	Neu
ABT1	618422	ENSG00000146109	6	26593067	26601342	7.36795861510342	7.9495875001027	12.27623147113	6.79348353234769	10.4260191541257
AC007038.7	394370		2	210893932	210895712					
AC009506.1	378381		2	160470703	160474295					
AC009542.2	700651		7	134878946	134885205					
AC009677.1	249922		15	70017141	70023265					
AC012363.4	366091		2	120972997	120976985					
AC013283.1	171846		12	98997010	99001205					
AC016910.1	373216		2	144693938	144696604					
AC019131.1	526103		4	99846712	99851952					
AC020907.2	327596		19	35628459	35653696					
AC022431.2	572142		5	55901742	55902125					
AC025678.1	239610		15	34647373	34668157					
AC062017.1	402899		2	240319726	240332218					
AC079305.10	383979		2	178125221	178130928					
AC090952.5	441041		3	14689831	14693040					
AC091697.1	666794		7	18336829	18339704					
AC091814.3	144428		12	10103061	10120148					
AC092964.1	488729		3	172028675	172038648					
AC097461.4	398350		2	223777367	223787348					
AC097658.1	540553		4	144253937	144262101					
AC112198.2	571624		5	54146426	54152522					
AC144652.1	706307		7	155088026	155094160					
ACAT2	658650	ENSG00000120437	6	160181052	160182218	61.4241733150584	73.3038677751673	6.75461680478553	40.0856673868832	2.30041909946486
ACBD7	68596	ENSG00000176244	10	15129208	15136019	0.000444170237493931	0.156124274188574	0.0846209943629703	0.127328979587255	0.0048393055597688
ACOT13	617826	ENSG00000112304	6	24666035	24674164	34.4049771205349	20.5275257950042	4.65143717696608	15.0182157647198	10.648315028493
ACSL3	398337	ENSG00000123983	2	223725185	223727564	31.8629008027891	21.2151745694685	12.1176884700903	24.0419170015476	36.6604607016703
AF129075.5	424564		21	30431527	30435396					
AFTPH	351123	ENSG00000119844	2	64750059	64756237	25.8866057414119	29.349828623887	17.1612252351754	14.4871760628722	66.4130182284369
AHCTF1	63845	ENSG00000153207	1	247094208	247098686	13.7912686044394	27.0128687782712	25.6458045301447	16.6004341502273	220.098985804571
AL121914.1	417414		20	55029819	55036740					
AL359218.1	210598		14	20498622	20507674					
AL513123.1	644110		6	113833688	113837452					
AP1AR	530441	ENSG00000138660	4	113151073	113162362	9.4487227248924	4.28271308533286	5.58736328796559	3.3234847257248	1.64893502112014
APBB1IP	72066	ENSG00000077420	10	26724823	26730119	9.70170106490421	0.9927107370288	18.5474996861877	1.8407504627314	234.042252746787
ARHGAP22	77631	ENSG00000128805	10	49856677	49869397	7.27141295269219	0.616450700621375	0.227557401566782	0.818842516346978	0.74772688791359
ARPC4	439883	ENSG00000241553	3	9832737	9843594	187.485761585589	158.491881926114	51.0296196792301	58.3409266921173	350.61001012598
ARPC4-TTLL3	439883	ENSG00000250151	3	9832737	9843594	3.98907268136879	4.54644999342781	1.3715788268504	1.15644697101773	7.37961645468054
ASAP1	746612	ENSG00000153317	8	131169792	131176916	27.7159918852648	17.250653736727	6.49969330642938	21.1018106299982	224.692566087841
ASPRV1	352764	ENSG00000244617	2	70182638	70194908	0.164332880163234	0.490458165657826	0.690849359334761	0.126092293591107	36.7458741770645
ATP2B1	169013	ENSG00000070961	12	90100351	90108031	32.1963618413152	6.54798066835715	22.8752088725918	25.8879820796225	225.652120492927
BACH1-AS1	424679	ENSG00000232118	21	30741895	30749173	3.78825783799108e-06	3.90557075178043e-06	5.60384545306728e-06	3.32212422991425e-06	1.24819328196081e-05
BACH1-IT2	424679	ENSG00000228817	21	30741895	30749173	0.713223280479203	0.4382104697578	0.319401488523534	0.549635333118479	15.8396899005393
BAZ2B	378381	ENSG00000123636	2	160470703	160474295	20.4418902215066	6.12997113139951	9.33129441551944	13.8026257892786	442.625081660209
BCKDHB	633718	ENSG00000083123	6	80815905	80836516	2.50346964212013	5.5745599075133	7.48496425390026	3.24907015304086	0.135326886222353
BCL2A1	252639	ENSG00000140379	15	80256992	80274822	348.321422753687	0.278496916137003	9.24589798571057	0.286407072031999	722.098579554309
BLACE	706328	ENSG00000204960	7	155157827	155165727	6.94656154631541e-06	1.67139012692499e-07	2.65885824681322e-06	1.43553772404028e-07	7.2144185723369e-07
BRPF1	439875	ENSG00000156983	3	9772248	9777628	12.7346450705466	5.7433540783031	6.20429157529568	6.94706208518499	18.054311553674
C10orf111	68597	ENSG00000176236	10	15136020	15146046	0.0192714309745009	0.019245462516543	0.174460965139679	0.0288958829828859	0.0276006632291581
C12orf77	149090	ENSG00000226397	12	25149997	25151153	0.000567189814664793	0.000432572783821043	0.000532714455651729	0.000447018243335983	0.00332051470479281
C1orf74	52890	ENSG00000162757	1	209955276	209959693	1.13866834348456	1.06865684390678	0.320489261758029	1.42359711578185	1.43250441562915
C4orf21	530562	ENSG00000138658	4	113545277	113563952	1.95417970163425	9.74732973214986	5.39918621972096	18.6329934114351	1.96215195898855
C4orf33	535957	ENSG00000151470	4	130011978	130015323	7.619397884248	16.4912517039534	3.49609800952738	8.38998597335404	14.1826012896076
C5orf51	568160	ENSG00000205765	5	41901764	41912323	6.07785810628907	8.92949676985328	4.14327377461943	9.62649168714922	5.40517567062172
C6orf62	617838	ENSG00000112308	6	24718538	24721886	51.7657933443254	57.8644596923571	39.2671186133962	34.5757942348296	122.851807166436
C9orf66	750561	ENSG00000183784	9	213121	216975	0.277671571173398	0.0838035458235178	8.10694052824631e-06	0.0593231209287131	1.79640752663391
CAMK1D	67868	ENSG00000183049	10	12385400	12395980	2.83891441851001	2.52605056246856	4.97193943401899	6.10091554126252	57.3996846385488
CAMK1G	52826	ENSG00000008118	1	209756686	209758171	0.00957850491481839	0.00249941986977526	0.00117508915480131	0.000808951857482041	0.0071052002486102
CCDC147	94009	ENSG00000120051	10	106106700	106114042	0.356410871922918	0.573491234857339	0.00384625624435418	0.631499801608142	7.47029205117101
CCDC147-AS1	94009	ENSG00000231233	10	106106700	106114042	2.37455412280321	0.00280152894384532	7.72921109734419e-06	1.08234052459208	15.85343113144
CD9	143427	ENSG00000010278	12	6305102	6318727	113.259831276457	178.932750647039	0.693333610401207	9.05646483094205	3.19195846202028
CDC73	48123	ENSG00000134371	1	193078996	193092305	9.68340368535435	10.0949642177545	9.87534495335269	8.81102562034636	28.7416936566476
CEBPB	415669	ENSG00000172216	20	48799088	48815510	50.0648146953894	3.26869244340698	2.20104003571298	20.8122935599213	314.408050565426
CENPN	276734	ENSG00000166451	16	81036170	81050910	4.29915653480115	17.6528405341112	0.954286278429937	34.1461160897544	0.924729338983654
CEP170	62810	ENSG00000143702	1	243417103	243427310	32.3428296995517	25.8531738747963	14.9388095155489	14.8612751817856	50.2500562504928
CHRAC1	749718	ENSG00000104472	8	141517849	141527004	7.09244889442166	11.3342982709018	6.86900142140517	11.1817037485107	11.7533055389965
CHST15	99996	ENSG00000182022	10	125849674	125861784	10.3376040597549	0.250538345883583	0.118997742357315	0.0154752833352993	333.59728217508
CISD2	527343	ENSG00000145354	4	103788991	103800652	11.6871520907928	19.8532960367542	4.10253465880506	24.3090533948246	2.27887479277508
CLCA1	22884	ENSG00000016490	1	86927687	86935966	0.000156859354617749	0.000136512192344077	0.000178212079712397	0.00011528351089683	0.000578001526706673
CLEC12A	144428	ENSG00000172322	12	10103061	10120148	11.7669419594355	0.14404013646481	0.050909982345945	2.94448476297675	30.5025267210209
CMC2	276734	ENSG00000103121	16	81036170	81050910	19.8892868525442	21.4253194360626	10.55287930047	22.7626002370502	4.71686161491617
CNOT8	602814	ENSG00000155508	5	154222767	154244266	27.0196701960816	28.2024834745695	33.8636186577311	28.5754754624598	70.8445032805876
COPS8P3	124295	ENSG00000254697	11	78290196	78293224	3.93299288542025e-06	3.42559611762395e-05	0.000224884750309184	1.26276581509174e-06	3.55870427185013e-06
CPPED1	261548	ENSG00000103381	16	12891677	12905517	26.3934156271783	3.73607915487505	0.852901045928317	8.1978657716911	441.7356677207
CPQ	736007	ENSG00000104324	8	97655976	97662338	29.6379514033997	6.59465874640774	9.33712829742733	7.50852355052566	276.621130274929
CTA-204B4.2	749718		8	141517849	141527004					
CTB-193M12.1	262334		16	15698600	15704070					
CTD-2001C12.1	586153		5	99870701	99873835					
CTD-2020K17.3	288181		17	43306627	43324157					
CTD-2033C11.1	575217		5	65217559	65224644					
CTD-2061E19.1	583200		5	90642268	90654292					
CTD-2061E19.6	583200		5	90642268	90654292					
CTD-2288O8.1	570984		5	52083391	52084975					
CTD-2527I21.4	327596		19	35628459	35653696					
CXCL1	517843	ENSG00000163739	4	74730417	74735646	0.531670129052727	24.3551511625863	0.000261882073195248	1.59060086704863	159.490526183824
CXCR6	450810	ENSG00000172215	3	45977260	45983363	0.00529696647988321	0.00163728380586129	0.143930010919929	0.00749659657561745	0.00435237307593256
DCLRE1CP1	68596	ENSG00000237470	10	15129208	15136019	0.00210686244929753	0.000146221208021939	0.000163323320929574	0.000120205094726288	0.00243911212086276
DCPS	139091	ENSG00000110063	11	126167458	126186131	4.37423806801878	2.88314979078353	3.57197527880187	4.08464102734874	1.0838463528583
DENND3	749848	ENSG00000105339	8	142123526	142129764	11.4600442322117	47.0117094167456	1.78738001196969	4.04042081488435	1169.59699939352
DEPDC4	172382	ENSG00000166153	12	100657407	100661804	0.232445824111001	3.3666899147971	0.406744112354727	1.06010064173357	0.134009189224904
DIEXF	52906	ENSG00000117597	1	210000236	210003562	4.26792063390896	1.93560584152738	7.28711333904655	3.60623340181955	0.157222603781851
DNAJC3	204853	ENSG00000102580	13	96327541	96330860	44.3764047803652	30.0830946329274	8.85071938504609	12.8424212152203	100.934919934075
DNAJC3-AS1	204853	ENSG00000247400	13	96327541	96330860	0.636283099922646	1.53257711485591	0.327086126871052	0.606897933380949	4.25933825583258
DOCK4	693565	ENSG00000128512	7	111841522	111849511	6.49295099759631	0.181479975450642	0.200984621693449	1.48929648188879	74.2198523557035
DOCK5	714592	ENSG00000147459	8	25035857	25046527	13.8826691386985	14.3333172826142	0.109025742180997	4.45438430686794	480.929282650266
DOCK8	750561	ENSG00000107099	9	213121	216975	35.9705548194817	8.44228810094341	48.4206435376583	7.90925702383007	417.240029433604
DUSP22	610557	ENSG00000112679	6	290446	297152	12.4861373316269	25.8238041287932	10.982410990431	7.61213625004196	43.4784734358523
DZIP1	204848	ENSG00000134874	13	96294884	96306042	0.00546447875799927	0.396601098624629	0.00882830265330316	0.0277403803941292	0.0308892104123602
EAPP	214976	ENSG00000129518	14	35007955	35023713	15.091216778949	14.2761937015934	30.4128051621532	15.7206297817151	78.0095820821349
EEF1B2	393109	ENSG00000114942	2	207023009	207026087	153.576360260777	199.740703031219	661.21314228416	291.41076885321	17.3827334076242
EIF4E	526103	ENSG00000151247	4	99846712	99851952	41.1283598536267	63.3051514406174	19.612213151693	39.8881325028689	16.5695617160173
ELOVL5	625710	ENSG00000012660	6	53210207	53227644	62.029778677259	48.9161059463051	25.5996516036928	44.8841106322856	337.34734434043
EMB	570196	ENSG00000170571	5	49738976	49741707	39.3773024746754	7.64536850674564	80.1131485398951	6.98513170998066	110.729810564691
EPHA1	702958	ENSG00000146904	7	143104197	143112096	0.100540136570397	0.494816994529859	7.52601919125609	0.119693478331171	0.187999593853962
EPHA1-AS1	702958	ENSG00000229153	7	143104197	143112096	0.370822584322114	0.89675376914707	5.35812977790262	0.161769604357845	2.5259262083042
ERBB2IP	575217	ENSG00000112851	5	65217559	65224644	38.8147637041963	54.3256617403711	64.5771086135413	29.9892459375532	205.011767644963
EXOC8	59244	ENSG00000116903	1	231471476	231473844	6.10113348410301	5.82655960642553	10.5369564774831	6.25686242029666	37.9124217560278
F5	40704	ENSG00000198734	1	169547926	169559316	0.064554608991911	0.0863068226960395	1.72774396700608	0.0107461132131898	44.0866031152196
FABP1	357996	ENSG00000163586	2	88422706	88430034	0.00172482179664569	0.00143599595368794	0.0014462030289036	0.0011319639439402	0.00531024712598759
FAM101B	278770	ENSG00000183688	17	294770	415316	10.460084274375	17.6927220936846	24.8658404510906	7.57356465269854	95.3350358574701
FAM131B	702946	ENSG00000159784	7	143056475	143062086	1.1321089377049	0.180791660171233	0.0137559164817213	0.0160832623820884	0.174157952359435
FAM174A	586153	ENSG00000174132	5	99870701	99873835	4.89739514092546	3.38039772899964	1.55586298686036	1.45884692844892	50.7098533455225
FAM26E	645091	ENSG00000178033	6	116831009	116833552	1.79126433446398e-05	0.618403600489551	0.000391485821965051	0.0345022357964179	0.000306581946396913
FAM49A	336739	ENSG00000197872	2	16840881	16848121	3.815841366486	0.0600442617558688	0.121876062367834	2.01380979544762	102.118855063916
FAM65B	617935	ENSG00000111913	6	25039374	25043364	1.74537213920266	12.8272700054986	225.205595365431	1.70327752129668	1128.57246664171
FAXDC2	602814	ENSG00000170271	5	154222767	154244266	0.548749357974226	49.7090349941391	0.227323768932143	63.2173537838463	0.227503378354498
FFAR3	327633	ENSG00000185897	19	35845612	35854580	0.00251916304709151	5.52355774765064e-05	0.000656831850310096	0.0479958297838627	4.12596213641166
FHIT	454775	ENSG00000189283	3	61233511	61238445	2.21926576416664	2.27349139009965	25.6623514098617	2.5304416396924	0.134409708268271
FKBP14	670513	ENSG00000106080	7	30059822	30069119	2.25790214223308	12.1705208896756	2.09540686501402	2.97825884229238	0.0402743217395749
FNTB	224429	ENSG00000257365	14	65452018	65455833	3.85994273842298	6.51071994373012	1.84725354760185	3.89313150784031	5.60195592571333
FOXRED1	139085	ENSG00000110074	11	126132611	126139406	5.76760749391045	5.40040188459367	4.59957998704497	10.5677176419098	6.63995818714202
FXYD1	327596	ENSG00000266964	19	35628459	35653696	0.383739387735687	0.0538593123274087	0.128175080554749	0.0607610602653701	0.0737551800742151
FXYD5	327596	ENSG00000089327	19	35628459	35653696	75.9555620852387	96.8819642259726	84.6263972489625	22.0598419367679	24.3216616852365
FXYD7	327596	ENSG00000221946	19	35628459	35653696	0.0122757386861243	0.0629752622253396	0.916136064931387	0.0363429096663239	0.00800670889788228
G0S2	52862	ENSG00000123689	1	209848320	209852873	10.0914739534562	0.209394490287946	0.000492270961734688	0.714678061480168	1096.1322156209
GAB1	540553	ENSG00000109458	4	144253937	144262101	2.76938182255044	9.77544250473943	0.199739600586175	30.2254368193235	45.4113963704737
GABARAPL1	144514	ENSG00000139112	12	10361208	10376337	42.0139536641387	7.22246788774548	10.7074123236524	35.9456777929599	183.096978945449
GAN	276796	ENSG00000261609	16	81344419	81349659	1.16088517818709	2.08069999649501	1.84085956450819	1.24561744737965	0.31818899074359
GAPDHP45	68596	ENSG00000228312	10	15129208	15136019	7.34692862080212e-06	2.24140730967094e-06	0.00601929802960817	1.52684636156453e-06	7.93601131485214e-06
GCC2	362607	ENSG00000135968	2	109061063	109066640	23.4423062356359	25.3382059656859	79.9098194655972	32.3304285987832	130.178603500607
GDF7	337984	ENSG00000143869	2	20857075	20873217	3.02492314486325e-06	8.77617606166499e-08	0.00405559646776869	0.00387722281349048	1.65829874479632e-06
GHITM	88260	ENSG00000165678	10	85897642	85906736	115.637865620327	60.0297360652859	31.3762109324005	109.854179852032	74.2105224464428
GMNN	617853	ENSG00000112312	6	24774086	24776327	3.81270179734336	18.9118751682923	1.28569701082053	34.0344704790374	3.30135322323829
GNPTAB	172879	ENSG00000111670	12	102213227	102228763	24.7282343549141	8.68470449078776	15.2668489473295	24.4657418856467	9.13077191179936
GORASP1	448823	ENSG00000114745	3	39148081	39150160	17.6168180258376	16.294593633584	7.45293185203675	9.76377246354678	37.2158948920933
GPBAR1	397046	ENSG00000179921	2	219119543	219131509	0.666407169911466	0.0659921185853711	0.117068767804078	0.391295342937274	1.64129784032476
GPR15	465596	ENSG00000154165	3	98248678	98250796	3.53464611173703e-06	3.92875412140188e-07	0.960928720155356	1.65464998925413e-07	6.5344204091777e-06
GPR160	488015	ENSG00000173890	3	169752451	169764940	2.30444978555495	1.98512729498819	8.65775102670651	2.00801234285082	48.1239626850808
GPSM3	619835	ENSG00000206314	6	32153169	32171192					
GRPEL1	497959	ENSG00000109519	4	7064676	7077304	19.1253585364164	9.07306414953999	14.5821035439113	10.4590627215196	17.8834288857696
H3F3A	57863	ENSG00000163041	1	226246277	226250969	168.491470197711	391.212167440226	87.17128638927	240.408329039702	1908.72400538237
HDAC4	402899	ENSG00000068024	2	240319726	240332218	5.52294441470892	1.54880558033702	9.27090723054859	4.33496635366456	61.4667238067984
HDAC9	666733	ENSG00000048052	7	18125357	18127363	14.2895891070802	4.28772679208921	0.272513150360968	2.66821270302647	5.73151451581911
HEATR3	268104	ENSG00000155393	16	50095261	50117273	16.7641258576664	4.46690916375149	6.33255470840389	4.61997294330329	2.46471717930766
HELB	161269	ENSG00000127311	12	66690971	66696827	2.06683600442276	3.51610335100205	24.2706728325482	2.56600149458049	9.4488910048695
HLA-E	619530	ENSG00000204592	6	30455605	30461699	278.459113153375	124.834231252499	417.124605854862	21.1026547193048	2967.34560035947
HMGB1	184230	ENSG00000189403	13	31190013	31194589	87.1866512891358	201.270553553166	183.876390696117	245.090823165682	163.904127152559
HS1BP3	337982	ENSG00000118960	2	20849387	20856698	13.8780115134327	5.6582804607777	3.61523276487681	6.36413834323727	24.6773885400578
HSD17B12	115501	ENSG00000149084	11	43595728	43613061	48.1465541597056	48.1648759430601	9.39495170321693	28.2884571998221	10.5666680538491
IL20RB	477344	ENSG00000174564	3	136664312	136669744	0.406006304925582	0.183781334759156	0.57616537055282	0.226225237172964	0.848477942270336
IL20RB-AS1	477357	ENSG00000249407	3	136699786	136701872	3.38396058972691e-06	9.5807482225813e-07	3.42310933434604e-06	6.77601722635714e-07	3.74565503179088e-06
INPP5D	401276	ENSG00000168918	2	233921655	233927465	25.651892453565	88.0765838651968	43.1164671317421	59.5025309516035	291.464256959304
INSIG1	706307	ENSG00000186480	7	155088026	155094160	34.4261618148496	339.233968043145	12.8067514917744	99.2179403903656	33.6467326081965
INTS10	713064	ENSG00000104613	8	19662214	19674887	23.7213941752354	14.2331920773208	33.2344667376896	14.9200933080775	19.7635114331119
ITGA1	570984	ENSG00000213949	5	52083391	52084975	0.141632334013237	0.147224993722137	0.342292454287843	0.0718409126350677	1.97902128796771
JDP2	227377	ENSG00000140044	14	75889212	75896145	11.4175516886089	6.62837741553551	0.0239763762134829	3.78465165128963	53.6594384853585
KATNBL1	239578	ENSG00000134152	15	34500849	34512803	14.6170796217556	15.9549114097415	16.6842680444185	16.1381147290379	168.019532542668
KB-1448A5.1	735937		8	97392848	97401511					
KB-1608C10.2	735459		8	95804130	95812226					
KBTBD2	671346	ENSG00000170852	7	32933629	32947585	14.0153542371842	20.9401850077725	27.9308689774056	22.042090909756	101.105499733577
KDM1B	615829	ENSG00000165097	6	18154576	18156193	8.22418802146329	2.24661590219923	1.70506778605495	2.29015350632372	31.3900272128208
KIAA0319	617820	ENSG00000137261	6	24645616	24647194	0.0502049779081761	0.000300281569207328	0.00119098002801588	0.00578645086891648	5.84248510368328
KIAA0430	262334	ENSG00000166783	16	15698600	15704070	9.73704714978595	5.88825707047472	20.2010582603707	11.3370808967352	139.802433656816
KLF6	65405	ENSG00000067082	10	3826209	3834728	55.2982486281728	8.56736348460564	22.8863060397405	27.5420478224202	267.65652181462
LARP7	530562	ENSG00000174720	4	113545277	113563952	17.9609031572421	13.0634297889506	18.0773313575099	14.6188069737405	36.245059955439
LCE2B	36026	ENSG00000159455	1	152645894	152654729	0.000153383231912541	0.000163664826961939	0.000163274127189323	0.000149139842582407	0.00062351106404944
LCE2C	36026	ENSG00000187180	1	152645894	152654729	9.99667406491462e-07	8.18979629239514e-07	1.12128802866343e-06	7.17311134348855e-07	3.69057482227915e-06
LGI4	327596	ENSG00000153902	19	35628459	35653696	0.0365245171871692	1.01800453595907	0.0844801437163447	0.13363859814276	0.0265046018837137
LIN54	520920	ENSG00000189308	4	83930052	83940390	6.43832887786525	14.2063167494796	6.84990642887208	11.9764096045436	20.2799867119648
LINC00936	169013	ENSG00000271614	12	90100351	90108031					
LMTK2	689710	ENSG00000164715	7	97735306	97739308	3.27667206568309	1.64704214619052	4.79625301963906	3.22107079288089	39.5289977764226
LPCAT4	239610	ENSG00000176454	15	34647373	34668157	4.79582734943318	1.6601556679975	7.2818776081503	1.57937286703707	12.21995459101
LRRC4	698715	ENSG00000128594	7	127671006	127682714	0.225524453523675	0.215855525295666	0.0157784923833885	0.261980645168798	65.4650198611625
LRRK2	153737	ENSG00000188906	12	40585009	40591437	6.72954632052418	0.346412751045848	0.0314642355408509	0.563954529971866	770.739341382478
LTN1	424548	ENSG00000198862	21	30358630	30366352	7.93377982575896	12.557482552184	12.8383751225017	9.75337958106535	24.9685943513386
MAN2A1	589013	ENSG00000112893	5	109024485	109027616	29.5069456706285	56.9957502026773	38.7230969399111	26.120719465468	23.0881670595636
MBD2	312585	ENSG00000134046	18	51741457	51751405	45.4021045578359	12.8706995326717	22.0678653139336	12.8276609196194	79.8655442221134
MBOAT1	616468	ENSG00000172197	6	20210576	20216473	24.2327255582091	6.85409790155455	4.07689223948536	9.65526969464334	68.1407863287454
MESDC1	252884	ENSG00000140406	15	81290649	81296935	3.34565694691665	1.0204062447872	1.239594106002	0.48197503959196	5.86219074290135
METTL22	260587	ENSG00000067365	16	8712039	8718758	11.2746807596002	4.86978622847417	6.80829173511703	7.44132443641029	38.4010392678436
METTL9	263783	ENSG00000197006	16	21608567	21615714	88.5544262409664	32.5640865170883	35.8820166910532	74.2983577596714	124.709008932336
MEX3C	311606	ENSG00000176624	18	48722573	48727993	12.0691066155086	11.9098609377463	17.7445556009151	6.94515190577334	8.6500647737322
MIR129-2	115501	ENSG00000199077	11	43595728	43613061	4.12181175776559e-05	3.30537138897655e-05	4.39836533504245e-05	3.64428181679902e-05	0.000135062155211726
MIR1302-6	666742	ENSG00000221393	7	18165797	18169409	3.74199928191712e-05	3.31585498864697e-05	3.05207124583515e-05	2.61743364684009e-05	0.000112038622196028
MIR302A	530568	ENSG00000207927	4	113569261	113569451	7.55518800604711e-05	4.88367904674338e-05	5.50171139812371e-05	4.41032910482535e-05	0.000211772726092851
MIR302B	530569	ENSG00000249532	4	113569452	113575739	0.00253505236696602	0.00166995272813607	0.00268775230813613	0.0015037682546193	0.00667468932157733
MIR302C	530569	ENSG00000199102	4	113569452	113575739	6.61227896172302e-05	5.35820397073509e-05	6.69717273262094e-05	2.97332041629488e-05	0.000261107879381101
MIR484	262343	ENSG00000272213	16	15736250	15746821					
MON1B	275654	ENSG00000103111	16	77219864	77244587	10.3925769158116	9.66031935505243	7.0930557507892	7.85278973289672	67.4898610977426
MPC1	660681	ENSG00000060762	6	166795342	166800537	45.0355576955264	9.08622963522724	11.4342700664986	17.2615044988327	16.7822313062801
MRPL18	658664	ENSG00000112110	6	160208597	160212615	21.3898679314237	25.0681982429928	9.21441165061999	21.5504963474469	2.93995615022924
MTMR14	439854	ENSG00000163719	3	9681151	9698101	41.2145224993523	20.7499403894268	14.7240725401053	17.1118952212953	97.7745700698614
NCK1	477344	ENSG00000158092	3	136664312	136669744	32.1717589163572	15.3970619262338	16.2137150511279	9.10873504933162	19.6272200460688
NDE1	262343	ENSG00000072864	16	15736250	15746821	10.9969860263558	18.5488916981957	20.1411753014089	19.2344674372404	206.657258790072
NDUFS1	393109	ENSG00000023228	2	207023009	207026087	40.6092422405669	32.1154334429407	17.9500651088584	32.0357942714662	23.3063855423676
NEDD9	613840	ENSG00000111859	6	11382042	11382711	12.7885343479011	0.244311077120693	11.3967843626918	1.07054685638336	409.683926765299
NFE2L2	383979	ENSG00000116044	2	178125221	178130928	43.1639511208164	21.3733191158101	17.3067005606718	20.7254797401278	133.332111536652
NFYA	622077	ENSG00000001167	6	41038446	41043221	7.06956153194174	11.6275045551642	8.82116318899974	7.27500025892521	44.8701007944416
NMB	253942	ENSG00000197696	15	85193161	85203635	4.34803015373612	0.996051855040152	0.664454262704132	1.08635803407631	0.541167942059687
NOTCH4	619835	ENSG00000204301	6	32153169	32171192	0.670405427072332	0.397345688167879	0.090480017131162	0.232755169777895	3.8696102471417
OGFRL1	630987	ENSG00000119900	6	71995515	72001932	64.6415830597058	77.4856977272512	2.2432085786952	11.3796178654524	359.996577152132
OR4K1	210565	ENSG00000155249	14	20402153	20405062	4.41708608519813e-07	4.85409344457927e-07	5.69777440380732e-07	4.58958451150942e-07	1.59360143771737e-06
OR4K13	210598	ENSG00000176253	14	20498622	20507674	6.01283823173717e-07	6.37099521133183e-07	5.50083909385215e-07	3.89342603811015e-07	2.60672986382634e-06
OR4K2	210534	ENSG00000165762	14	20343538	20347767	4.85380801824648e-07	4.19162725476701e-07	5.00537904477086e-07	4.42287306490971e-07	2.22407114864264e-06
OR4K5	210556	ENSG00000176281	14	20381942	20390314	4.26343283840758e-07	4.34339235542209e-07	4.13681282832209e-07	4.57492131470008e-07	1.63345354060615e-06
OR8K5	119072	ENSG00000181752	11	55922482	55928755	5.41651404912216e-07	4.39729256251637e-07	5.12266926038807e-07	4.49263549553481e-07	2.61975872625183e-06
PACSIN2	435297	ENSG00000100266	22	43409329	43433936	36.3121281108337	52.028416503447	9.44833695255593	22.5156100498281	236.552177956943
PADI4	3705	ENSG00000159339	1	17624557	17635099	0.165351353943527	11.0747385364682	0.32247037486876	1.09830243695082	203.474989360226
PAG1	731135	ENSG00000076641	8	82021922	82027237	9.71948223219902	2.60973854122429	58.461080495711	1.84501673635902	73.6647595088374
PAXIP1	706223	ENSG00000157212	7	154777391	154797871	2.47530130137142	5.8350142459872	3.51111093171269	8.53421901838651	3.66081398695848
PAXIP1-AS1	706223	ENSG00000273344	7	154777391	154797871					
PBX2	619835	ENSG00000204304	6	32153169	32171192	8.95091428747648	17.9568808164485	17.2179938691258	17.5404360797196	248.986532637411
PCM1	712444	ENSG00000078674	8	17776258	17782951	60.215386196426	48.5493128186089	72.8621093699193	65.9610125569122	42.3189912943216
PDE6H	145958	ENSG00000139053	12	15124372	15127615	0.60580434577926	0.031282077181255	0.000122267717970389	0.000131144452511681	0.61842306996793
PDZD8	98094	ENSG00000165650	10	119131520	119146527	5.3322923900158	35.5139901367183	5.83686444273884	21.2207366749076	88.9167232413514
PECR	396405	ENSG00000115425	2	216940809	216952390	5.27330349561386	5.26539784696678	9.29125599383185	6.47147364647675	4.57067851917045
PELO	570984	ENSG00000152684	5	52083391	52084975	2.7195747207767	4.91818736336843	1.37977938046742	2.44497243454523	5.91270980264684
PKD1L1	675642	ENSG00000158683	7	47987958	47993938	0.222488918174819	0.0149091529980823	0.151339214528963	0.0132565149725491	0.113967099113913
PLEKHA8	670513	ENSG00000106086	7	30059822	30069119	4.95877639342139	9.23388657444896	2.89004259902325	2.98043376499746	0.44928901826669
PLSCR5	480409	ENSG00000231213	3	146321163	146329174	0.000511195060295986	0.000380017485133664	0.000403985121828742	0.000285195356432161	0.00149040571360791
PPP4R1	300590	ENSG00000154845	18	9612111	9619571	23.8942248868626	5.30450631389717	8.92498808063884	18.1153355708316	460.147633616701
PRDM8	519968	ENSG00000152784	4	81093511	81114881	0.123615076610275	0.32399918040967	1.6239062173944	0.279717209749608	8.74454640257461
PRKCB	264373	ENSG00000166501	16	23844732	23854921	33.237176230396	69.0299204654163	24.9388042033104	11.174326258876	273.629369183438
PTPN18	368924	ENSG00000072135	2	131111894	131127184	15.2605441238969	14.7908691424025	6.24932677634757	7.63237332461476	28.5773930388427
PYGL	220037	ENSG00000100504	14	51373125	51388715	32.3968873507252	49.2039238749431	0.0822362967699151	11.6533518217042	566.772155398654
RAB2A	724584	ENSG00000104388	8	61427207	61431432	57.2988573562174	27.807989566187	22.9403241550641	19.1403533778823	134.614609584295
RAG1	113198	ENSG00000166349	11	36528362	36538466	0.0811528718956246	1.11782485942605	0.0895280085614351	0.299371155889697	0.0568907441748021
RASSF6	517759	ENSG00000169435	4	74485818	74489015	0.00244864373667751	0.00360961813217737	0.0331518251073267	0.00264915077832683	0.00619699246575802
RBM47	508205	ENSG00000163694	4	40628019	40636994	40.324379549761	0.0680946502537484	0.250618539743556	2.97022838940809	282.610673305386
RFWD2	42816	ENSG00000143207	1	176175280	176183158	31.7436915871259	23.728654628443	22.0377081327891	15.7042103042644	311.226725150944
RICTOR	567150	ENSG00000164327	5	39072805	39078546	10.2905981982256	12.6288857149269	35.6586763156386	19.2239875085271	279.457903135383
RN7SKP259	119447	ENSG00000222998	11	57218405	57233336	2.60972572328283e-06	1.7079103377139e-06	2.1619607187831e-06	2.44221253876612e-06	7.78520456269056e-06
RN7SL391P	143458	ENSG00000265388	12	6444218	6455942	5.18694911128775e-06	3.30919160623902e-06	0.000262667257388028	1.96227478845255e-06	0.000207415422234173
RN7SL651P	714592	ENSG00000241811	8	25035857	25046527	4.91536065306995e-06	0.00321236894113735	2.63347179585367e-06	1.70609034796147e-06	0.0206165074657986
RNA5SP223	656442	ENSG00000202044	6	152719211	152740306	2.3489838108764e-05	1.71010055379983e-05	2.20038359632837e-05	1.61126456310349e-05	7.77908373880598e-05
RNF138	305683	ENSG00000134758	18	29669601	29679757	10.6840361851333	18.4477677475465	43.1291883658358	18.509402545033	59.8350533923423
RNU1-101P	727576	ENSG00000212473	8	70988686	70997790	1.68880963849996e-05	1.76959759304755e-05	1.81685222525383e-05	2.15775712382597e-05	0.000258480861094162
RNU1-27P	214976	ENSG00000206596	14	35007955	35023713	11494.3476186076	12243.7397011457	6171.2549529799	8773.74351272674	232071.371190364
RNU2-6P	189264	ENSG00000223336	13	46945347	46949241	2.91008513756365	1.5415437877461	0.221410040910247	2.32282205307657	34.5162996590405
RNU6-1259P	618359	ENSG00000252399	6	26348603	26354962	6.93081009101527e-05	9.17252105027085e-05	6.63845467764531e-05	4.51375460406931e-05	0.000247673717407567
RNU6-282P	346033	ENSG00000202227	2	48727101	48736384	3.14342800210571e-05	2.65625040327227e-05	3.27328136445371e-05	1.50767588123889e-05	8.73767620760842e-05
RNU6-311P	124295	ENSG00000252033	11	78290196	78293224	3.33893436144395e-05	1.92974043746193e-05	4.25583808395623e-05	2.01221139460396e-05	9.64877936846554e-05
RNU6-643P	622140	ENSG00000206745	6	41268672	41279121	2.83817000600364e-05	1.56463437762584e-05	3.15530592722563e-05	2.69614860914934e-05	8.23854931303526e-05
RNU6-665P	720539	ENSG00000207369	8	48579304	48585684	4.15856742953557e-05	2.37346798922057e-05	2.73711776763481e-05	2.56515604651148e-05	9.22687100622389e-05
RNU6-903P	300590	ENSG00000212572	18	9612111	9619571	2.70378996743342e-05	2.65160603007838e-05	2.81249068952072e-05	1.45888043120996e-05	0.00010705173521748
RNU6ATAC35P	56346	ENSG00000221571	1	220997662	221004205	4.46953124373757e-05	1.71632522044194e-05	2.92265282961139e-05	1.30717629871196e-05	0.00152142605360407
RNU7-181P	746569	ENSG00000253043	8	131007730	131020631	5.25499432730247e-05	5.51831285950664e-05	6.82248794828286e-05	3.61430402770338e-05	0.000236160970967919
RP1-168L15.5	660681		6	166795342	166800537					
RP1-240K6.3	226891		14	73926461	73929921					
RP1-272L16.1	52824		1	209739530	209743925					
RP1-28O10.1	52862		1	209848320	209852873					
RP1-3J17.3	635503		6	86330758	86350238					
RP11-163N6.2	724584		8	61427207	61431432					
RP11-165F24.3	750628		9	454380	464347					
RP11-175P13.2	172348		12	100532837	100543154					
RP11-184A2.2	65402		10	3805190	3812500					
RP11-184A2.3	65396		10	3790089	3793286					
RP11-195C7.1	42816		1	176175280	176183158					
RP11-218E20.5	220037		14	51373125	51388715					
RP11-239H6.2	616468		6	20210576	20216473					
RP11-274B18.4	765923		9	71155324	71159066					
RP11-284M14.1	540505		4	144103156	144107602					
RP11-293M10.6	227377		14	75889212	75896145					
RP11-295M18.2	56346		1	220997662	221004205					
RP11-295M18.6	56346		1	220997662	221004205					
RP11-320N21.2	735528		8	96099360	96103179					
RP11-338I21.1	88260		10	85897642	85906736					
RP11-367G6.3	617935		6	25039374	25043364					
RP11-377G16.2	519968		4	81093511	81114881					
RP11-378A13.1	397046		2	219119543	219131509					
RP11-396C23.4	57863		1	226246277	226250969					
RP11-429P3.3	268104		16	50095261	50117273					
RP11-452H21.2	124250		11	78097058	78111593					
RP11-501J20.5	98055		10	118997342	119005840					
RP11-522I20.3	770793		9	86318677	86325704					
RP11-53I6.3	305683		18	29669601	29679757					
RP11-550A5.2	745139		8	126362072	126367245					
RP11-55K13.1	276796		16	81344419	81349659					
RP11-563K23.1	702946		7	143056475	143062086					
RP11-568N6.1	351123		2	64750059	64756237					
RP11-571L19.7	526103		4	99846712	99851952					
RP11-59O6.3	750578		9	262750	273365					
RP11-602M11.3	239610		15	34647373	34668157					
RP11-656E20.5	144514		12	10361208	10376337					
RP11-671J11.6	214976		14	35007955	35023713					
RP11-671J11.7	214976		14	35007955	35023713					
RP11-692N5.1	300590		18	9612111	9619571					
RP11-69L16.4	612595		6	7270091	7278513					
RP11-712L6.5	139090		11	126152581	126167457					
RP11-712L6.7	139090		11	126152581	126167457					
RP11-727A23.1	125762		11	82921735	82929841					
RP11-727A23.7	125762		11	82921735	82929841					
RP11-73K9.2	530441		4	113151073	113162362					
RP11-77H9.8	260667		16	9054967	9060155					
RP11-809O17.1	749852		8	142136544	142143923					
RP13-235E23.1	622140		6	41268672	41279121					
RP13-512J5.1	332888	ENSG00000255767	2	3593739	3596222	1.62335416403444e-05	1.28336496260133e-05	7.22450919444599e-06	2.58867021567276e-05	1.39616012816334e-05
RP3-398G3.5	656442		6	152719211	152740306					
RP3-425P12.5	617935		6	25039374	25043364					
RP3-483K16.4	625710		6	53210207	53227644					
RP3-486I3.5	645008		6	116564487	116566767					
RP3-510H16.3	433674		22	35694200	35697633					
RP5-1029F21.3	278770		17	294770	415316					
RPL31P28	625710	ENSG00000219863	6	53210207	53227644	0.000343128730557465	0.000312541501504002	0.000372868402889687	0.000277616150677126	0.0010781241788805
RPL39P	417414	ENSG00000228601	20	55029819	55036740	1.09800942280774e-05	0.000248058332906207	1.21293489660499e-05	8.8711497177915e-06	3.90571157602415e-05
RPP38	68597	ENSG00000152464	10	15136020	15146046	6.91719351906676	3.71089606300832	5.05815221730936	7.0168110514239	2.05179928707558
RTFDC1	417418	ENSG00000022277	20	55042694	55052056	52.5504978432185	34.6907601665595	23.976849056689	30.2836768232196	223.905597545228
RTN4RL2	119447	ENSG00000186907	11	57218405	57233336	0.235392659459833	0.0615651103416843	0.00330727312696556	0.112680246163545	0.00319093991233159
SCAF8	657156	ENSG00000213079	6	155052352	155066953	10.1917149103998	13.8733080132722	22.80987924112	14.1374718269087	36.2858326743584
SCLT1	535957	ENSG00000151466	4	130011978	130015323	6.61327515106526	14.9156357292368	10.4764773552283	12.7517542279816	150.664996994603
SCYL2	172382	ENSG00000136021	12	100657407	100661804	22.3195731991395	53.9256748719305	16.7832479343399	21.1851157672343	61.869414868649
SDCCAG8	62810	ENSG00000054282	1	243417103	243427310	22.0964953704957	8.97649990315967	13.5941899535206	7.83337811010004	18.3544167026237
SDE2	57853	ENSG00000143751	1	226186235	226202244	8.30663020194855	21.6961185063899	11.0038750954034	18.5538784608917	32.7058683973391
SDHB	3657	ENSG00000117118	1	17370286	17387431	90.9423907761195	28.7898638020235	21.047541125434	39.0115926208339	63.628329859375
SGK1	650909	ENSG00000118515	6	134635582	134646298	201.080348302855	1.4597862786819	9.07433402843951	36.3236428940119	231.002893814753
SIAH1	267661	ENSG00000196470	16	48416964	48419910	7.58214994396055	9.67482070738026	8.60533613936613	16.9398502413171	36.1389141038506
SIGLEC19P	330502		19	51643530	51653293					
SIGLEC7	330502	ENSG00000168995	19	51643530	51653293	10.5139787585592	0.0634320118545481	0.00658927957201288	0.0839426751873737	21.7904470786196
SLC12A6	239605	ENSG00000140199	15	34626926	34631923	31.6266677898335	10.878699545406	31.0586931606499	17.4038047941795	457.166373589793
SLC15A4	179738	ENSG00000139370	12	129304621	129309649	16.882270956019	5.14886708616688	4.1343753052863	5.055106136785	336.345467625785
SLC18A2	98055	ENSG00000165646	10	118997342	119005840	0.0163240530382106	6.30590633190353	0.0817917613173289	1.69642458106558	0.547489314898718
SLC18B1	650464	ENSG00000146409	6	133118369	133120011	4.43112537883654	0.915375124010233	8.18944591853752	7.53108294334685	0.124044783742841
SLC45A4	749890	ENSG00000022567	8	142315209	142320503	7.85193600744089	7.32221863214947	6.09724781904312	3.17046685098106	197.248814992557
SLMAP	453712	ENSG00000163681	3	57740100	57741846	16.2172891448697	27.1821372968295	19.4507132853791	20.3275853665072	83.4057607430642
SMARCA5	540607	ENSG00000153147	4	144432260	144450792	14.5509008285603	20.4759298072703	28.3227747408168	21.6987324988375	30.9081603421128
SMARCA5-AS1	540607	ENSG00000245112	4	144432260	144450792	0.138344386079875	0.201731913056973	0.000639147527460935	0.280965989339864	0.0453003196244123
SNAPC1	223457	ENSG00000023608	14	62224562	62232524	1.90982714440219	0.980743626224225	1.93855139813496	1.2540964443817	2.53911409267406
SNORA12	746612	ENSG00000212464	8	131169792	131176916					
SNORA29	658663	ENSG00000206910	6	160205027	160208596	2.12040060605751e-05	2.40160077719071e-05	2.54906839501888e-05	1.21648957509888e-05	0.000124866667751511
SNORA37	312585	ENSG00000207233	18	51741457	51751405	132.758808959113	17.0176897042155	53.1605984955069	32.6473552261649	377.867847043056
SNORA41	393111	ENSG00000207406	2	207026883	207029989	0.0945209985441941	0.00126008433700709	0.000168424368959818	0.0158143716963406	1.92606176253521
SNORD56B	226247	ENSG00000207444	14	71861882	71869755	5.64525939067911e-05	6.01822383747163e-05	5.89810113233551e-05	5.11994815804797e-05	0.000192113257601951
SNORD83	160720		12	64968758	64971064					
SPINK14	600848	ENSG00000196800	5	147548932	147551215	0.00100204805548321	0.000781637125143584	0.00101294965097545	0.000800950707611951	0.00363421328442949
SPRTN	59244	ENSG00000010072	1	231471476	231473844	4.63900087982505	5.59945930578122	5.76146908785067	5.71659785959326	15.3459730089772
SPTLC2	227915	ENSG00000100596	14	78078410	78084663	14.3650062359597	24.9454982205062	5.65006750097475	16.9559507455748	50.5837428833756
SRPR	139085	ENSG00000182934	11	126132611	126139406	21.2121357699084	18.452995355618	22.6755838017151	16.6657188917594	65.1446536331006
SSTR4	410110	ENSG00000132671	20	23015546	23021026	3.67955320473455e-07	0.0163349772584774	4.08971646266766e-07	3.57562326069615e-07	0.000114161773701869
STAU2	728830	ENSG00000040341	8	74657123	74672012	14.8933216984265	26.8630939876216	16.3574547617672	11.7743548506604	53.7362263726466
STK38L	149809	ENSG00000211455	12	27396025	27399536	11.3316359982555	4.85301441400144	6.31360918828979	6.36067083282268	94.3426242985691
SYCE1L	275654	ENSG00000205078	16	77219864	77244587	0.524160309759358	0.281262759478059	0.753664735424263	0.235932589764071	0.828884366282539
SYK	772770	ENSG00000165025	9	93563299	93566015	49.111320631443	47.9641268340917	0.196282587953668	12.1625778540722	155.986174861102
SYNE1	656436	ENSG00000131018	6	152701262	152707416	7.82484177228817	7.47830907700494	43.7183311893395	1.99846392636017	34.6356360238686
SYNE1-AS1	656436	ENSG00000234577	6	152701262	152707416	1.00161309525508e-06	7.20053761150329e-07	1.10832852837158e-06	5.95147744969687e-07	0.00164600044713603
TADA3	439883	ENSG00000171148	3	9832737	9843594	14.7492926623206	37.5558831313269	7.18829308403016	15.081726548749	44.8560650586118
TAS2R60	702967	ENSG00000185899	7	143135732	143144316	0.00128330408978039	0.0519238723618916	0.279932400194566	0.000179387703805098	0.979235648428802
TBC1D14	497917	ENSG00000132405	4	6908960	6911058	19.5186659836909	23.9225941400692	18.130284958618	25.6051588471053	203.067285672516
TBC1D30	160782	ENSG00000111490	12	65173998	65179307	1.93185428262202	0.0373548212478466	0.0677144955276321	0.0720945987111314	6.64647233369827
TCP1	658663	ENSG00000120438	6	160205027	160208596	58.5869718660902	77.3868374390647	54.6771009600083	91.5484965350456	52.6949069840585
TDP2	617826	ENSG00000111802	6	24666035	24674164	40.3772615342247	15.0374442496709	15.8725506349381	15.1864540356528	215.245715377759
TET2-AS1	528089	ENSG00000251586	4	106098019	106101391	0.000597698277169288	9.63519324438058e-07	1.54024147661876e-05	8.39208919495446e-07	8.0785074288857e-05
TFAM	80844	ENSG00000108064	10	60142599	60151084	14.5629426370181	10.4916185723989	17.6719076824968	19.7878645572071	10.3671553196651
TGS1	723072	ENSG00000137574	8	56684485	56695208	5.36659707275142	6.98436007175233	10.1895098211016	11.2679098409744	5.98962159761163
TIRAP	139090	ENSG00000150455	11	126152581	126167457	3.07372671059765	0.929851831843473	1.90230772672115	0.754892379311797	9.99379623013592
TLE4	769403	ENSG00000106829	9	82182006	82194454	9.39827571288387	6.81252870714869	20.5651931161232	7.86622949105819	198.76639441992
TMEM169	396405	ENSG00000163449	2	216940809	216952390	0.155640632360437	0.877797462226996	0.879478062875791	0.138884010456604	0.626287043831453
TMEM207	494184	ENSG00000198398	3	190167397	190168050	3.44320403756324e-07	2.5525402118288e-07	3.59898061592323e-07	3.8589282890678e-07	1.2254007564298e-06
TMEM252	765923	ENSG00000181778	9	71155324	71159066	0.00238990927631281	3.4573037588217e-07	3.88986963074139e-07	3.09454071587199e-07	2.85307750436275
TMEM68	723072	ENSG00000167904	8	56684485	56695208	6.43116128755587	4.53017260102468	4.45344851014367	5.66356667672141	3.35621198326877
TNFRSF1A	143458	ENSG00000067182	12	6444218	6455942	26.0560391624462	16.909913380946	8.3596577909522	8.11276582354715	383.148673347861
TOM1	433674	ENSG00000100284	22	35694200	35697633	37.591247259676	6.9115922665025	9.81725196097342	9.04451818388692	121.814080502818
TPMT	615829	ENSG00000137364	6	18154576	18156193	14.8012605399477	4.46192389914272	2.45467959655783	4.08231344538707	0.992766100728033
TRAF6	113198	ENSG00000175104	11	36528362	36538466	5.26598337654231	8.27776805822025	7.10911307107132	5.61633237552675	16.7951274097757
TROVE2	48110	ENSG00000116747	1	193025896	193031393	17.7723326815032	51.213851908393	20.993360942889	46.3033285135021	46.2018683515584
TTC21A	448823	ENSG00000168026	3	39148081	39150160	0.876604381338417	0.475877746514151	0.575623792129758	0.344800547832898	3.07030667904916
TTK	633679	ENSG00000112742	6	80713209	80715668	0.622944934813224	13.9785410823433	0.15175923293368	19.2655561995701	0.111713910305514
UBE2D3	527343	ENSG00000109332	4	103788991	103800652	165.515546430118	129.354070093064	133.878141198756	128.741800058377	747.140381802247
UBQLN1	770793	ENSG00000135018	9	86318677	86325704	37.8898994382915	38.4848006054054	29.0637732215628	42.3068431112933	42.4211030585939
UCHL5	48110	ENSG00000116750	1	193025896	193031393	12.1136027505267	19.5778737947709	10.0797528365812	21.5161507037049	7.14017669678536
UHRF1BP1L	172348	ENSG00000111647	12	100532837	100543154	18.2628513437668	3.86431090037815	5.75992810098586	7.82273195689541	92.2188469543257
USP22	283590	ENSG00000124422	17	20943538	20947624	35.2531584456388	53.4924242215924	27.5282428989763	38.6253520078663	58.8388097152092
USP38	540505	ENSG00000170185	4	144103156	144107602	9.27500789654239	10.4412402560827	9.19638058673751	9.89331076683966	27.0776539219646
USP7	260667	ENSG00000187555	16	9054967	9060155	31.8508659803176	34.1288604509272	59.6754069811442	61.4189763604511	102.070433033646
USPL1	184230	ENSG00000132952	13	31190013	31194589	6.21980094804394	4.61386872182797	10.9596461143529	4.54257416764037	8.67980031735141
VNN1	650443	ENSG00000112299	6	133029317	133039553	1.70750784060872	3.04546431480484	2.5615384886949e-06	0.100947858153644	34.3019805649345
WDR73	253942	ENSG00000177082	15	85193161	85203635	7.926748325406	4.68161611423633	11.0019908431371	5.20892681346821	9.39619221309613
WDR91	700651	ENSG00000105875	7	134878946	134885205	7.41434203737034	4.32352067123121	6.63097924351336	5.16866197103847	18.3424378012576
XPO6	265467	ENSG00000169180	16	28189984	28197170	25.3866362661977	37.6570444579333	92.9619242043982	29.9242398310033	2105.41094863148
XRCC5	396413	ENSG00000079246	2	216966722	216983675	85.135019410762	93.0639328722858	87.8391667889303	88.6932554492807	187.554108160668
XXbac-BPG300A18.13	619835		6	32153169	32171192					
ZBTB20	471011	ENSG00000181722	3	114864956	114874500	2.02331802152888	3.58952556991636	25.2856614043303	4.22846417802708	12.9168371577182
ZDHHC18	5845	ENSG00000204160	1	27147799	27154952	9.26678255281874	2.50478618066531	7.14566759411189	2.71656672251231	505.77704621915
ZNF277	693565	ENSG00000198839	7	111841522	111849511	11.4993711212044	9.93953302849753	18.8807425922814	9.96544738855706	7.38392951906019
snR65	204861		13	96357482	96376086					
snoU109	48110		1	193025896	193031393					
